$`Main MR results`
       Exposure       MR Analysis Causal Estimate         Sd    T-stat
1 beta.exposure               Raw      0.04960665 0.05880533 0.8435741
2 beta.exposure Outlier-corrected      0.02140623 0.05397234 0.3966148
    P-value
1 0.4012752
2 0.6926573

$`MR-PRESSO results`
$`MR-PRESSO results`$`Global Test`
$`MR-PRESSO results`$`Global Test`$RSSobs
[1] 122.626

$`MR-PRESSO results`$`Global Test`$Pvalue
[1] 0.0091


$`MR-PRESSO results`$`Outlier Test`
         RSSobs  Pvalue
1  2.571161e-04       1
2  2.529542e-04       1
3  9.501887e-04       1
4  1.923888e-03       1
5  1.189320e-03       1
6  7.162852e-04       1
7  6.374683e-04       1
8  1.404061e-03       1
9  1.969050e-03       1
10 3.516861e-06       1
11 6.998521e-04       1
12 1.872017e-04       1
13 1.103148e-03       1
14 4.804436e-04       1
15 8.154833e-04       1
16 2.897641e-03       1
17 3.599883e-04       1
18 1.060348e-04       1
19 2.147816e-04       1
20 3.416071e-05       1
21 8.182098e-04       1
22 1.289154e-03       1
23 6.162033e-04       1
24 2.946260e-03       1
25 1.265292e-04       1
26 7.270712e-04       1
27 1.533351e-03       1
28 2.730820e-04       1
29 6.587235e-07       1
30 1.132933e-03       1
31 1.719200e-04       1
32 3.625413e-03       1
33 5.548806e-06       1
34 1.616815e-03       1
35 1.410536e-04       1
36 2.904651e-06       1
37 1.593615e-03       1
38 6.010949e-03       1
39 3.147038e-05       1
40 9.564657e-08       1
41 5.880615e-04       1
42 8.630688e-04       1
43 1.448734e-03       1
44 2.965019e-03       1
45 3.001320e-06       1
46 1.001407e-02       1
47 1.103932e-03       1
48 3.336898e-04       1
49 3.569597e-06       1
50 1.743807e-03       1
51 5.743718e-04       1
52 2.566652e-03       1
53 9.040238e-07       1
54 6.955577e-04       1
55 8.506443e-04       1
56 1.115148e-02  0.0774
57 4.476271e-05       1
58 1.073094e-04       1
59 1.391994e-02 <0.0086
60 7.745455e-04       1
61 2.303180e-04       1
62 7.791133e-05       1
63 6.781168e-04       1
64 9.905382e-04       1
65 2.325286e-04       1
66 6.055749e-05       1
67 5.046054e-04       1
68 6.467490e-04       1
69 7.178054e-04       1
70 1.318945e-04       1
71 1.516287e-04       1
72 3.521185e-05       1
73 1.047313e-03       1
74 1.814378e-04       1
75 9.349596e-03       1
76 5.104230e-05       1
77 1.338019e-03       1
78 3.448786e-04       1
79 1.403677e-03       1
80 6.499495e-04       1
81 1.793018e-03       1
82 2.080804e-05       1
83 4.209169e-04       1
84 1.472984e-03       1
85 1.028739e-04       1
86 3.373479e-04       1

$`MR-PRESSO results`$`Distortion Test`
$`MR-PRESSO results`$`Distortion Test`$`Outliers Indices`
[1] 59

$`MR-PRESSO results`$`Distortion Test`$`Distortion Coefficient`
beta.exposure 
     131.7393 

$`MR-PRESSO results`$`Distortion Test`$Pvalue
[1] 0.2394



