$`Main MR results`
       Exposure       MR Analysis Causal Estimate          Sd    T-stat
1 beta.exposure               Raw     -0.01714609 0.008892649 -1.928119
2 beta.exposure Outlier-corrected              NA          NA        NA
    P-value
1 0.0551637
2        NA

$`MR-PRESSO results`
$`MR-PRESSO results`$`Global Test`
$`MR-PRESSO results`$`Global Test`$RSSobs
[1] 264.4495

$`MR-PRESSO results`$`Global Test`$Pvalue
[1] 0.0143


$`MR-PRESSO results`$`Outlier Test`
          RSSobs Pvalue
1   3.835309e-06      1
2   8.297265e-05      1
3   4.102098e-05      1
4   3.947913e-06      1
5   5.078887e-05      1
6   5.459330e-06      1
7   6.234108e-06      1
8   2.076920e-05      1
9   5.387671e-05      1
10  5.569677e-05      1
11  1.317231e-04      1
12  1.083535e-05      1
13  1.131122e-04      1
14  2.831483e-06      1
15  6.254051e-07      1
16  9.756710e-07      1
17  5.762702e-06      1
18  2.240808e-05      1
19  2.059555e-05      1
20  5.085314e-08      1
21  3.126870e-06      1
22  1.220786e-07      1
23  3.461158e-05      1
24  6.938618e-05      1
25  1.084750e-03      1
26  2.183000e-04      1
27  6.250998e-06      1
28  3.223479e-05      1
29  2.674338e-05      1
30  1.379118e-04      1
31  1.801472e-05      1
32  5.658527e-05      1
33  7.480173e-07      1
34  1.146373e-04      1
35  7.245452e-06      1
36  2.881048e-05      1
37  5.738950e-05      1
38  1.766795e-05      1
39  2.510189e-05      1
40  2.322558e-08      1
41  6.423542e-05      1
42  8.918862e-05      1
43  1.623489e-05      1
44  1.745294e-04      1
45  3.748925e-06      1
46  4.328249e-07      1
47  2.405017e-05      1
48  9.859748e-06      1
49  8.255256e-05      1
50  1.042180e-05      1
51  2.481303e-06      1
52  7.898318e-05      1
53  8.910211e-06      1
54  2.993799e-05      1
55  3.266824e-05      1
56  2.300646e-05      1
57  3.966419e-05      1
58  2.087296e-05      1
59  1.297714e-05      1
60  8.617666e-06      1
61  5.494177e-05      1
62  1.066850e-04      1
63  9.369588e-05      1
64  1.134740e-06      1
65  4.720940e-05      1
66  3.456340e-05      1
67  1.181578e-05      1
68  1.860293e-05      1
69  5.859411e-06      1
70  8.980682e-07      1
71  2.627650e-05      1
72  9.137600e-06      1
73  2.081147e-06      1
74  2.440739e-06      1
75  2.201625e-05      1
76  5.873455e-05      1
77  6.494797e-07      1
78  1.766224e-04      1
79  4.588581e-07      1
80  2.083073e-05      1
81  2.391051e-05      1
82  7.025973e-06      1
83  6.045732e-05      1
84  6.694655e-05      1
85  4.103042e-05      1
86  4.248602e-06      1
87  8.131890e-04      1
88  4.776233e-06      1
89  1.542565e-06      1
90  2.241377e-07      1
91  6.675493e-06      1
92  5.674636e-09      1
93  6.268071e-06      1
94  1.147845e-06      1
95  1.916369e-05      1
96  1.938856e-05      1
97  5.383949e-06      1
98  3.921396e-06      1
99  2.390711e-07      1
100 1.967232e-05      1
101 2.314510e-05      1
102 7.306815e-06      1
103 3.512115e-05      1
104 9.782050e-06      1
105 3.725204e-05      1
106 3.414685e-06      1
107 7.397382e-06      1
108 2.965032e-05      1
109 3.587943e-05      1
110 8.263332e-06      1
111 2.506543e-05      1
112 2.631721e-05      1
113 5.347999e-05      1
114 7.943384e-08      1
115 2.857285e-06      1
116 2.028709e-06      1
117 1.208890e-05      1
118 1.144477e-04      1
119 4.238612e-06      1
120 8.410448e-06      1
121 1.061822e-04      1
122 6.626185e-05      1
123 6.752128e-05      1
124 2.905881e-06      1
125 5.579491e-06      1
126 1.318670e-04      1
127 7.805831e-06      1
128 3.499514e-07      1
129 2.245882e-05      1
130 1.138950e-04      1
131 1.628209e-04      1
132 4.645728e-05      1
133 7.967937e-06      1
134 1.589924e-04      1
135 4.975084e-08      1
136 9.315658e-08      1
137 2.608576e-05      1
138 1.551370e-08      1
139 1.142580e-05      1
140 1.424686e-04      1
141 2.316743e-04      1
142 6.707315e-05      1
143 1.264127e-03      1
144 1.346602e-07      1
145 1.803629e-06      1
146 3.784796e-07      1
147 3.724893e-06      1
148 4.749713e-06      1
149 5.254392e-05      1
150 4.858435e-05      1
151 3.910787e-07      1
152 7.605080e-05      1
153 4.863319e-05      1
154 5.721875e-06      1
155 1.016085e-06      1
156 1.452108e-04      1
157 1.449478e-07      1
158 9.854322e-06      1
159 4.606142e-05      1
160 7.741046e-05      1
161 4.144546e-05      1
162 2.891851e-05      1
163 3.183827e-06      1
164 5.260608e-05      1
165 1.159229e-05      1
166 9.959636e-05      1
167 1.270244e-05      1
168 4.907120e-06      1
169 7.454393e-06      1
170 1.300740e-06      1
171 1.212474e-04      1
172 1.556315e-05      1
173 2.661502e-06      1
174 2.057465e-08      1
175 2.027021e-05      1
176 4.858404e-05      1
177 1.066877e-07      1
178 2.823527e-06      1
179 5.842361e-06      1
180 3.794417e-06      1
181 3.504730e-06      1
182 5.234708e-04      1
183 1.318190e-04      1
184 2.989995e-05      1
185 1.754028e-07      1
186 1.097292e-06      1
187 2.520759e-04      1
188 3.153546e-05      1
189 9.205317e-04      1
190 1.356766e-05      1
191 9.044584e-05      1
192 1.849503e-05      1
193 3.273363e-05      1
194 2.158146e-06      1
195 1.769357e-05      1
196 1.642352e-05      1
197 1.736297e-04      1
198 2.415973e-05      1
199 2.459012e-05      1
200 1.751376e-04      1
201 6.011476e-05      1
202 2.240355e-06      1
203 4.677753e-05      1
204 2.384067e-05      1
205 2.943172e-05      1
206 2.502995e-08      1
207 1.810627e-05      1
208 5.178811e-05      1
209 8.846622e-05      1
210 2.317697e-06      1
211 2.019039e-04      1
212 2.884063e-05      1
213 1.266632e-06      1
214 2.077549e-06      1
215 2.992110e-05      1

$`MR-PRESSO results`$`Distortion Test`
$`MR-PRESSO results`$`Distortion Test`$`Outliers Indices`
[1] "No significant outliers"

$`MR-PRESSO results`$`Distortion Test`$`Distortion Coefficient`
[1] NA

$`MR-PRESSO results`$`Distortion Test`$Pvalue
[1] NA



