$`Main MR results`
       Exposure       MR Analysis Causal Estimate         Sd     T-stat
1 beta.exposure               Raw      -0.0453324 0.05364419 -0.8450571
2 beta.exposure Outlier-corrected              NA         NA         NA
    P-value
1 0.4004239
2        NA

$`MR-PRESSO results`
$`MR-PRESSO results`$`Global Test`
$`MR-PRESSO results`$`Global Test`$RSSobs
[1] 123.9495

$`MR-PRESSO results`$`Global Test`$Pvalue
[1] 0.01


$`MR-PRESSO results`$`Outlier Test`
         RSSobs Pvalue
1  7.812457e-03 0.0522
2  7.442584e-04      1
3  5.719037e-04      1
4  6.727691e-06      1
5  2.787746e-04      1
6  2.743363e-04      1
7  8.211039e-05      1
8  7.709772e-05      1
9  6.655219e-04      1
10 2.484020e-04      1
11 4.990061e-04      1
12 6.758404e-04      1
13 3.163363e-03 0.2088
14 1.810062e-04      1
15 1.779277e-03      1
16 8.978990e-04      1
17 4.052797e-04      1
18 4.197918e-03      1
19 3.378788e-04      1
20 1.349901e-04      1
21 1.115008e-03      1
22 5.708034e-03      1
23 1.125996e-03      1
24 1.268805e-05      1
25 2.518380e-05      1
26 8.783724e-04      1
27 3.504178e-04      1
28 1.236028e-05      1
29 1.718373e-06      1
30 6.693049e-06      1
31 1.069681e-04      1
32 6.623740e-06      1
33 3.441306e-04      1
34 1.211115e-03      1
35 3.941398e-03 0.0696
36 1.652778e-03      1
37 3.044618e-03      1
38 4.403615e-04      1
39 1.645723e-03      1
40 2.684475e-05      1
41 1.186812e-03      1
42 7.243848e-07      1
43 1.620137e-04      1
44 7.717810e-05      1
45 6.941908e-04      1
46 1.656658e-04      1
47 5.221561e-04      1
48 1.526531e-04      1
49 2.148758e-08      1
50 3.118844e-04      1
51 1.180952e-03      1
52 1.294980e-06      1
53 1.235337e-04      1
54 8.728980e-04      1
55 1.497910e-03      1
56 1.568655e-05      1
57 1.385209e-03      1
58 7.681988e-06      1
59 2.629056e-03      1
60 2.091799e-04      1
61 7.468979e-05      1
62 4.040932e-04      1
63 1.727726e-04      1
64 4.945868e-04      1
65 7.116711e-05      1
66 8.682212e-04      1
67 1.634470e-03      1
68 4.244848e-05      1
69 3.857684e-05      1
70 1.774896e-04      1
71 4.626529e-06      1
72 2.034011e-04      1
73 2.673694e-04      1
74 1.981925e-04      1
75 4.676492e-04      1
76 2.177502e-03      1
77 6.959319e-05      1
78 5.206311e-04      1
79 7.565958e-05      1
80 5.526785e-04      1
81 6.721594e-05      1
82 1.761746e-03      1
83 1.924148e-04      1
84 1.789378e-03      1
85 2.436648e-05      1
86 3.111108e-04      1
87 7.857453e-05      1

$`MR-PRESSO results`$`Distortion Test`
$`MR-PRESSO results`$`Distortion Test`$`Outliers Indices`
[1] "No significant outliers"

$`MR-PRESSO results`$`Distortion Test`$`Distortion Coefficient`
[1] NA

$`MR-PRESSO results`$`Distortion Test`$Pvalue
[1] NA



