$`Main MR results`
       Exposure       MR Analysis Causal Estimate          Sd     T-stat
1 beta.exposure               Raw     0.008264069 0.017803493  0.4641825
2 beta.exposure Outlier-corrected    -0.004870344 0.009444763 -0.5156661
    P-value
1 0.6437037
2 0.6074586

$`MR-PRESSO results`
$`MR-PRESSO results`$`Global Test`
$`MR-PRESSO results`$`Global Test`$RSSobs
[1] 285.1295

$`MR-PRESSO results`$`Global Test`$Pvalue
[1] "<1e-04"


$`MR-PRESSO results`$`Outlier Test`
         RSSobs  Pvalue
1  6.086518e-06       1
2  1.388126e-06       1
3  5.568430e-05       1
4  5.183207e-06       1
5  8.206515e-06       1
6  1.167540e-05       1
7  5.440731e-05       1
8  7.760113e-05       1
9  1.334007e-04       1
10 1.787320e-05       1
11 6.383315e-04       1
12 2.360675e-06       1
13 6.729074e-07       1
14 6.921855e-06       1
15 1.172789e-06       1
16 9.943621e-06       1
17 2.566664e-05       1
18 1.810264e-05       1
19 4.478568e-05       1
20 2.646107e-06       1
21 6.848017e-06       1
22 4.134267e-05       1
23 1.909259e-05       1
24 4.089460e-05       1
25 1.651581e-06       1
26 2.965771e-05       1
27 1.199856e-04       1
28 2.729833e-06       1
29 2.553536e-06       1
30 1.369201e-06       1
31 1.308433e-05       1
32 3.294492e-06       1
33 1.234352e-05       1
34 4.700267e-05       1
35 2.598855e-05       1
36 1.761104e-06       1
37 6.939649e-06       1
38 3.213970e-05       1
39 2.635585e-05       1
40 5.586346e-05       1
41 9.849676e-05       1
42 2.521288e-05       1
43 3.879406e-04 <0.0086
44 6.407784e-06       1
45 1.597390e-05       1
46 6.189575e-06       1
47 1.139376e-05       1
48 5.523179e-05       1
49 1.628565e-05       1
50 3.582850e-07       1
51 3.746873e-05       1
52 6.699607e-06       1
53 9.841783e-06       1
54 1.108838e-05       1
55 2.176383e-06       1
56 8.241840e-05       1
57 7.276917e-05       1
58 3.908148e-06       1
59 4.904289e-03 <0.0086
60 2.193038e-05       1
61 6.120663e-05       1
62 1.621886e-06       1
63 3.926637e-06       1
64 2.165693e-06       1
65 5.388939e-05       1
66 4.372621e-05       1
67 1.470067e-05       1
68 1.293473e-06       1
69 2.529230e-08       1
70 6.433380e-06       1
71 5.374433e-06       1
72 5.489792e-05       1
73 1.999246e-05       1
74 3.054645e-05       1
75 2.856898e-04       1
76 7.364384e-06       1
77 5.294538e-05       1
78 4.783740e-06       1
79 1.132918e-04       1
80 7.400138e-06       1
81 1.826206e-04       1
82 3.703848e-05       1
83 1.015948e-05       1
84 8.341883e-06       1
85 3.219661e-05       1
86 8.600251e-06       1

$`MR-PRESSO results`$`Distortion Test`
$`MR-PRESSO results`$`Distortion Test`$`Outliers Indices`
[1] 43 59

$`MR-PRESSO results`$`Distortion Test`$`Distortion Coefficient`
beta.exposure 
     269.6814 

$`MR-PRESSO results`$`Distortion Test`$Pvalue
[1] 0.1796



