SNP	CHROM	POS	REF	ALT	AF	BETA	SE	Z	P	N	TRAIT
rs2815753	1	72812324	G	A	0.6079	-0.011977	0.024528	-0.48829908675799083	0.6253	1012610	COVID:_hospitalized_vs._population
rs506589	1	177894287	T	C	0.199	0.05828099999999999	0.030393	1.9175797058533213	0.055170000000000004	1019179	COVID:_hospitalized_vs._population
rs36016753	1	187269477	G	A	0.4024	0.018090000000000002	0.029182	0.6199026797340828	0.5353	1009123	COVID:_hospitalized_vs._population
rs10900457	1	205146726	G	A	0.5882	-0.041905	0.024011	-1.7452417641914122	0.08095	1019179	COVID:_hospitalized_vs._population
rs7644667	3	69040601	T	C	0.5047	0.035408999999999996	0.023778999999999998	1.4890870095462383	0.1365	1018566	COVID:_hospitalized_vs._population
rs13340130	3	81790970	A	T	0.3511	-0.020587	0.025725	-0.8002721088435374	0.4236	478642	COVID:_hospitalized_vs._population
rs701760	4	113439212	C	G	0.4902	0.0022971	0.023466	0.09789056507287137	0.922	1018566	COVID:_hospitalized_vs._population
rs300046	5	37081705	A	G	0.4576	-0.0026881	0.028818	-0.09327850648899993	0.9257	1008510	COVID:_hospitalized_vs._population
rs10064431	5	92950673	T	C	0.512	-0.045814	0.023476	-1.9515249616629748	0.05099	1019179	COVID:_hospitalized_vs._population
rs806794	6	26200677	A	G	0.3184	-0.012261	0.025337000000000002	-0.48391680151557004	0.6284	1018566	COVID:_hospitalized_vs._population
rs1912286	10	87318888	G	A	0.6881	0.009178299999999999	0.024481	0.3749152403905069	0.7077	1019179	COVID:_hospitalized_vs._population
rs3909727	11	126587382	A	G	0.834	-0.040888	0.038405	-1.064653039968754	0.287	1000337	COVID:_hospitalized_vs._population
rs4759074	12	54664097	C	T	0.4342	-0.05223099999999999	0.024219	-2.1566125769024316	0.031030000000000002	1019179	COVID:_hospitalized_vs._population
rs12103229	16	74167594	C	A	0.5341	-0.026636	0.023686000000000002	-1.1245461454023473	0.2608	1019179	COVID:_hospitalized_vs._population
rs79564737	20	43408372	G	A	0.3042	0.005254399999999999	0.025862	0.20317067512180031	0.839	1019179	COVID:_hospitalized_vs._population
rs136528	22	27245262	G	C	0.4097	0.0047758	0.029544	0.16165041971297048	0.8716	1009123	COVID:_hospitalized_vs._population
rs139911	22	40704052	C	T	0.5988	0.056951999999999996	0.028999	1.9639297906824371	0.04954	1008510	COVID:_hospitalized_vs._population
rs62106258	NA	NA	NA	NA	NA	NA	NA	NA	NA	NA	NA
rs35797675	NA	NA	NA	NA	NA	NA	NA	NA	NA	NA	NA
rs11772832	NA	NA	NA	NA	NA	NA	NA	NA	NA	NA	NA
rs10125463	NA	NA	NA	NA	NA	NA	NA	NA	NA	NA	NA
rs6478868	NA	NA	NA	NA	NA	NA	NA	NA	NA	NA	NA
rs12232804	NA	NA	NA	NA	NA	NA	NA	NA	NA	NA	NA
rs429358	NA	NA	NA	NA	NA	NA	NA	NA	NA	NA	NA
