$`Main MR results`
       Exposure       MR Analysis Causal Estimate        Sd      T-stat
1 beta.exposure               Raw    -0.007157384 0.1868090 -0.03831392
2 beta.exposure Outlier-corrected    -0.002112336 0.1570969 -0.01344607
    P-value
1 0.9695548
2 0.9893144

$`MR-PRESSO results`
$`MR-PRESSO results`$`Global Test`
$`MR-PRESSO results`$`Global Test`$RSSobs
[1] 97.1778

$`MR-PRESSO results`$`Global Test`$Pvalue
[1] 0.0117


$`MR-PRESSO results`$`Outlier Test`
         RSSobs  Pvalue
1  6.821967e-04       1
2  7.628234e-04       1
3  4.412745e-05       1
4  7.472978e-05       1
5  4.942276e-07       1
6  4.376975e-06       1
7  3.656953e-04       1
8  3.011080e-04       1
9  1.516524e-03       1
10 1.591898e-03       1
11 2.663059e-06       1
12 1.555575e-05       1
13 1.253164e-03       1
14 3.391821e-04       1
15 6.220617e-04       1
16 8.366479e-04       1
17 6.590184e-05       1
18 2.097938e-04       1
19 1.393909e-02   0.033
20 3.150400e-04       1
21 4.085748e-03   0.528
22 1.015152e-03       1
23 3.881680e-05       1
24 2.063336e-04       1
25 3.471442e-04       1
26 1.680074e-04       1
27 5.321908e-05       1
28 2.262094e-06       1
29 1.206199e-05       1
30 6.405306e-05       1
31 1.062647e-03       1
32 1.044404e-04       1
33 1.302870e-02 <0.0066
34 1.219102e-03       1
35 2.905912e-05       1
36 3.260124e-04       1
37 1.036471e-04       1
38 2.737216e-04       1
39 4.733318e-04       1
40 1.789277e-05       1
41 2.575907e-05       1
42 6.911024e-04       1
43 4.482750e-04       1
44 1.225392e-05       1
45 9.497365e-05       1
46 8.202677e-04       1
47 6.870078e-05       1
48 3.278392e-04       1
49 1.112579e-03       1
50 5.401994e-04       1
51 1.289852e-03       1
52 1.344584e-06       1
53 6.661610e-04       1
54 1.532093e-04       1
55 8.012491e-04       1
56 1.327353e-04       1
57 7.548370e-05       1
58 2.732249e-04       1
59 3.828998e-04       1
60 1.139820e-05       1
61 2.392574e-05       1
62 1.118577e-03       1
63 6.058671e-04       1
64 1.028238e-04       1
65 1.002717e-04       1
66 1.306396e-04       1

$`MR-PRESSO results`$`Distortion Test`
$`MR-PRESSO results`$`Distortion Test`$`Outliers Indices`
[1] 19 33

$`MR-PRESSO results`$`Distortion Test`$`Distortion Coefficient`
beta.exposure 
    -238.8374 

$`MR-PRESSO results`$`Distortion Test`$Pvalue
[1] 0.0181



