$`Main MR results`
       Exposure       MR Analysis Causal Estimate          Sd    T-stat
1 beta.exposure               Raw    -0.011195831 0.009267615 -1.208060
2 beta.exposure Outlier-corrected    -0.008404097 0.009146998 -0.918782
    P-value
1 0.2276645
2 0.3587073

$`MR-PRESSO results`
$`MR-PRESSO results`$`Global Test`
$`MR-PRESSO results`$`Global Test`$RSSobs
[1] 560.8631

$`MR-PRESSO results`$`Global Test`$Pvalue
[1] 0.00032


$`MR-PRESSO results`$`Outlier Test`
          RSSobs   Pvalue
1   1.363645e-04        1
2   7.527027e-06        1
3   1.085032e-03        1
4   2.016203e-03        1
5   1.121749e-03        1
6   1.972474e-03        1
7   4.281936e-04        1
8   1.906082e-03        1
9   6.363827e-03        1
10  5.350673e-04        1
11  5.786760e-03        1
12  2.029934e-03        1
13  5.965052e-03        1
14  4.309048e-04        1
15  7.917110e-04        1
16  1.521941e-03        1
17  5.683725e-03        1
18  2.128892e-04        1
19  4.697169e-04        1
20  7.280260e-04        1
21  5.301901e-07        1
22  1.196648e-06        1
23  7.319349e-04        1
24  9.666046e-05        1
25  6.889336e-04        1
26  3.810652e-03        1
27  1.238392e-04        1
28  1.572339e-06        1
29  2.826983e-04        1
30  6.813445e-04        1
31  1.656652e-03        1
32  6.852723e-06        1
33  1.737513e-04        1
34  3.564838e-04        1
35  2.231316e-03        1
36  4.153871e-05        1
37  1.586259e-04        1
38  8.825076e-03        1
39  9.933355e-04        1
40  3.722441e-03        1
41  1.601852e-03        1
42  1.303410e-03        1
43  3.261886e-03        1
44  1.236342e-03        1
45  1.212336e-02        1
46  6.974451e-04        1
47  2.794321e-03        1
48  9.434607e-05        1
49  1.557031e-03        1
50  1.369347e-03        1
51  3.193529e-04        1
52  5.039938e-04        1
53  1.106158e-04        1
54  3.152855e-04        1
55  3.265498e-03        1
56  1.894837e-03        1
57  1.079525e-03        1
58  8.322879e-04        1
59  1.175360e-04        1
60  6.883790e-05        1
61  2.720880e-03        1
62  1.838259e-05        1
63  3.083519e-04        1
64  8.674240e-04        1
65  1.155647e-03        1
66  1.859896e-03        1
67  4.302871e-05        1
68  9.492328e-05        1
69  9.723025e-05        1
70  1.086943e-04        1
71  1.756971e-05        1
72  2.247469e-03        1
73  1.250742e-03        1
74  5.617807e-05        1
75  2.498444e-03        1
76  6.350708e-03        1
77  9.581000e-04        1
78  2.748228e-05        1
79  3.179548e-03        1
80  7.155051e-03        1
81  1.863814e-05        1
82  2.272252e-03        1
83  1.538448e-03        1
84  7.500426e-03        1
85  1.593112e-04        1
86  9.882264e-04        1
87  7.631802e-03        1
88  4.553774e-04        1
89  3.637242e-05        1
90  3.710422e-04        1
91  3.638752e-05        1
92  1.353445e-03        1
93  1.766740e-04        1
94  4.683381e-05        1
95  1.209351e-04        1
96  4.417933e-03        1
97  4.073696e-03        1
98  2.289290e-03        1
99  7.841116e-03        1
100 2.021210e-03        1
101 2.850553e-03        1
102 2.536281e-04        1
103 4.356467e-04        1
104 1.403218e-03        1
105 5.397187e-03        1
106 8.698352e-05        1
107 3.311821e-05        1
108 7.695908e-04        1
109 4.520247e-04        1
110 2.813189e-04        1
111 7.168761e-04        1
112 1.619218e-04        1
113 5.004253e-04        1
114 1.491977e-02        1
115 3.430940e-02        1
116 6.970424e-04        1
117 1.044963e-03        1
118 4.557271e-04        1
119 3.043519e-03        1
120 2.270086e-03        1
121 6.319723e-03        1
122 5.019490e-03        1
123 1.295476e-03        1
124 1.798415e-03        1
125 4.775968e-05        1
126 6.262913e-04        1
127 2.323737e-03        1
128 3.013772e-04        1
129 2.882403e-03        1
130 6.847524e-05        1
131 4.208865e-04        1
132 1.290028e-03        1
133 3.933667e-04        1
134 9.169404e-05        1
135 1.655378e-03        1
136 5.331844e-04        1
137 6.075560e-04        1
138 1.239588e-02  0.12516
139 1.468274e-05        1
140 2.674756e-04        1
141 2.379571e-04        1
142 3.261001e-06        1
143 1.773844e-04        1
144 6.551856e-05        1
145 1.829496e-04        1
146 8.205932e-04        1
147 2.646073e-04        1
148 2.605278e-04        1
149 3.345023e-08        1
150 7.606520e-05        1
151 2.231029e-02        1
152 1.071481e-03        1
153 2.055162e-03        1
154 8.549045e-04        1
155 2.214223e-04        1
156 3.122686e-05        1
157 4.070838e-04        1
158 6.026856e-03        1
159 1.099889e-05        1
160 5.991041e-04        1
161 8.715518e-05        1
162 2.002577e-03        1
163 4.405803e-05        1
164 3.211049e-04        1
165 1.071997e-04        1
166 1.415731e-05        1
167 3.054210e-05        1
168 7.070447e-04        1
169 2.674570e-03        1
170 4.849552e-05        1
171 5.061436e-04        1
172 9.162102e-07        1
173 7.485395e-06        1
174 2.537196e-04        1
175 3.507430e-03        1
176 7.566968e-04        1
177 1.751647e-03        1
178 4.005372e-03        1
179 2.054285e-03        1
180 1.668288e-03        1
181 5.828691e-04        1
182 5.426466e-03        1
183 1.710978e-03        1
184 2.716446e-04        1
185 1.208732e-04        1
186 4.885983e-03        1
187 1.684561e-03        1
188 5.654849e-06        1
189 9.618738e-04        1
190 4.828435e-05        1
191 9.531833e-05        1
192 1.500343e-04        1
193 1.595762e-04        1
194 1.647656e-04        1
195 1.950631e-04        1
196 3.549248e-03        1
197 2.761974e-03        1
198 4.167477e-04        1
199 3.203962e-07        1
200 3.243908e-04        1
201 1.157882e-03        1
202 1.040656e-04        1
203 5.637849e-05        1
204 3.353168e-03        1
205 1.518318e-03        1
206 1.981208e-06        1
207 3.286873e-03        1
208 5.423539e-03        1
209 6.565627e-05        1
210 6.274413e-04        1
211 4.264167e-05        1
212 5.570717e-04        1
213 1.728167e-05        1
214 5.354031e-04        1
215 2.323152e-03        1
216 3.069504e-03        1
217 3.220760e-03        1
218 2.542205e-04        1
219 1.514181e-03        1
220 6.131753e-04        1
221 1.214946e-02        1
222 1.137326e-04        1
223 7.517542e-04        1
224 6.261632e-04        1
225 2.240979e-04        1
226 5.677363e-03        1
227 7.668303e-03        1
228 5.182739e-04        1
229 2.777001e-03        1
230 2.228698e-03        1
231 7.889253e-04        1
232 4.524215e-04        1
233 5.546367e-05        1
234 7.403041e-05        1
235 4.230615e-05        1
236 1.841983e-04        1
237 6.789154e-04        1
238 3.588492e-04        1
239 1.072921e-06        1
240 4.539608e-03        1
241 4.573409e-05        1
242 2.364891e-07        1
243 1.238535e-04        1
244 2.866963e-05        1
245 2.704227e-04        1
246 1.747602e-03        1
247 8.367655e-05        1
248 1.850713e-03        1
249 1.175117e-04        1
250 7.078853e-03        1
251 5.745695e-05        1
252 1.773523e-03        1
253 6.315702e-04        1
254 6.744931e-04        1
255 1.983841e-04        1
256 3.899154e-03        1
257 5.173154e-03        1
258 2.823212e-09        1
259 2.297028e-03        1
260 1.805554e-02  0.59004
261 3.018921e-05        1
262 5.844477e-04        1
263 2.232307e-03        1
264 7.975601e-06        1
265 1.924274e-05        1
266 9.272786e-05        1
267 5.866641e-03        1
268 1.452937e-03        1
269 2.207719e-06        1
270 2.457544e-04        1
271 2.396931e-05        1
272 7.862248e-04        1
273 5.559313e-04        1
274 3.310126e-06        1
275 3.494485e-05        1
276 1.112970e-03        1
277 8.412136e-03        1
278 1.015769e-02        1
279 1.048675e-03        1
280 1.778528e-02 <0.01788
281 3.864174e-03        1
282 5.131600e-04        1
283 3.207435e-05        1
284 1.514748e-03        1
285 2.248103e-03        1
286 1.932502e-05        1
287 1.113901e-04        1
288 7.038245e-03        1
289 1.464861e-03        1
290 5.268875e-05        1
291 7.519022e-04        1
292 7.258506e-03        1
293 1.823166e-03        1
294 6.549549e-06        1
295 2.425797e-05        1
296 3.273120e-02        1
297 4.145448e-04        1
298 3.177278e-04        1
299 9.086015e-05        1
300 1.068721e-04        1
301 1.710281e-07        1
302 2.948222e-03        1
303 3.424737e-03        1
304 6.402992e-04        1
305 6.632505e-05        1
306 2.846597e-03        1
307 2.371950e-06        1
308 3.732849e-03        1
309 9.144434e-05        1
310 1.287548e-04        1
311 4.811437e-03        1
312 6.280640e-05        1
313 1.327474e-03        1
314 7.145486e-04        1
315 3.962852e-04        1
316 2.624830e-03        1
317 5.411820e-03        1
318 4.438340e-03        1
319 2.169317e-03        1
320 6.491530e-05        1
321 1.174678e-05        1
322 1.096237e-04        1
323 3.401718e-03        1
324 4.954766e-04        1
325 2.954042e-03        1
326 1.332911e-05        1
327 7.944517e-04        1
328 7.075079e-04        1
329 2.368870e-04        1
330 6.183336e-05        1
331 5.102688e-05        1
332 2.290386e-04        1
333 4.925554e-04        1
334 2.821005e-04        1
335 3.515197e-06        1
336 2.735660e-04        1
337 3.669318e-04        1
338 9.505210e-04        1
339 8.794450e-05        1
340 9.655299e-05        1
341 2.035497e-04        1
342 6.410875e-04        1
343 9.366666e-04        1
344 2.806695e-04        1
345 3.444291e-05        1
346 5.940370e-07        1
347 2.331498e-03        1
348 7.594106e-03   0.1788
349 9.314384e-06        1
350 1.617817e-04        1
351 1.188672e-05        1
352 1.229753e-03        1
353 1.234944e-03        1
354 4.439338e-04        1
355 8.578573e-05        1
356 3.560744e-03        1
357 2.839056e-03        1
358 2.015541e-03        1
359 1.247335e-03        1
360 6.257698e-05        1
361 7.337823e-04        1
362 3.733416e-05        1
363 6.445866e-04        1
364 4.191882e-05        1
365 5.361392e-04        1
366 1.385242e-03        1
367 2.678867e-03        1
368 3.520950e-03        1
369 4.433277e-05        1
370 8.109277e-03        1
371 4.050322e-03        1
372 7.678450e-04        1
373 7.777872e-04        1
374 3.416479e-03        1
375 1.960892e-03        1
376 5.229257e-04        1
377 1.188041e-03        1
378 5.502122e-04        1
379 1.513123e-06        1
380 1.961868e-03        1
381 1.911545e-03        1
382 2.673156e-04        1
383 2.730582e-03        1
384 3.140822e-05        1
385 3.288215e-03        1
386 3.469193e-03        1
387 2.726760e-03        1
388 2.192082e-03        1
389 1.542988e-04        1
390 1.363307e-03        1
391 2.086492e-04        1
392 1.416538e-03        1
393 1.313373e-05        1
394 2.907066e-02        1
395 1.075565e-02        1
396 4.015427e-03        1
397 3.579562e-04        1
398 4.799720e-04        1
399 6.588037e-04        1
400 4.602202e-03        1
401 1.563333e-02  0.10728
402 6.116012e-04        1
403 7.110469e-04        1
404 5.297179e-04        1
405 1.601114e-04        1
406 2.097622e-03        1
407 3.796096e-03        1
408 1.823312e-05        1
409 1.380668e-03        1
410 6.564836e-04        1
411 5.525920e-04        1
412 8.983332e-04        1
413 3.416522e-05        1
414 9.343956e-04        1
415 1.115108e-02        1
416 3.678874e-03        1
417 5.764800e-04        1
418 1.161390e-06        1
419 3.770266e-05        1
420 2.211004e-03        1
421 1.449236e-03        1
422 4.510847e-04        1
423 6.381435e-04        1
424 6.238444e-06        1
425 5.703033e-05        1
426 9.047227e-06        1
427 8.726240e-06        1
428 3.196643e-04        1
429 4.716933e-04        1
430 4.397359e-05        1
431 4.773820e-04        1
432 1.284210e-03        1
433 2.470290e-04        1
434 1.118393e-03        1
435 1.289031e-04        1
436 2.236640e-03        1
437 2.240785e-04        1
438 2.752409e-03        1
439 9.486287e-04        1
440 5.538660e-07        1
441 1.417985e-03        1
442 6.802093e-09        1
443 2.102099e-03        1
444 2.955051e-04        1
445 3.366436e-04        1
446 9.345635e-04        1
447 3.221447e-04        1

$`MR-PRESSO results`$`Distortion Test`
$`MR-PRESSO results`$`Distortion Test`$`Outliers Indices`
[1] 280

$`MR-PRESSO results`$`Distortion Test`$`Distortion Coefficient`
beta.exposure 
    -33.21872 

$`MR-PRESSO results`$`Distortion Test`$Pvalue
[1] 0.65576



