$`Main MR results`
       Exposure       MR Analysis Causal Estimate          Sd    T-stat
1 beta.exposure               Raw     0.001488756 0.007747448 0.1921608
2 beta.exposure Outlier-corrected              NA          NA        NA
   P-value
1 0.847716
2       NA

$`MR-PRESSO results`
$`MR-PRESSO results`$`Global Test`
$`MR-PRESSO results`$`Global Test`$RSSobs
[1] 462.2825

$`MR-PRESSO results`$`Global Test`$Pvalue
[1] 0.0088


$`MR-PRESSO results`$`Outlier Test`
          RSSobs  Pvalue
1   3.582047e-05       1
2   1.209789e-06       1
3   3.050982e-04       1
4   1.004761e-02 0.64288
5   2.709950e-03       1
6   4.320161e-04       1
7   5.697564e-03       1
8   2.131408e-03       1
9   2.792584e-03       1
10  8.992677e-04       1
11  3.032171e-04       1
12  2.085700e-04       1
13  6.578759e-05       1
14  4.219832e-05       1
15  1.042832e-03       1
16  7.220392e-04       1
17  7.162054e-04       1
18  5.359068e-04       1
19  1.122013e-04       1
20  8.109206e-05       1
21  3.201715e-04       1
22  2.271296e-04       1
23  4.954943e-04       1
24  2.993587e-04       1
25  1.458255e-03       1
26  1.295323e-03       1
27  8.430713e-05       1
28  1.945320e-03       1
29  1.069285e-03       1
30  2.895060e-04       1
31  3.869586e-04       1
32  1.494019e-03       1
33  2.256601e-04       1
34  8.437938e-04       1
35  1.543268e-03       1
36  1.316776e-02       1
37  1.051414e-03       1
38  7.315212e-04       1
39  1.751596e-04       1
40  4.393241e-03       1
41  1.004833e-03       1
42  3.255098e-04       1
43  1.063314e-03       1
44  1.194308e-02       1
45  3.441903e-04       1
46  2.649360e-04       1
47  2.741702e-03       1
48  2.863918e-04       1
49  9.452968e-04       1
50  6.427717e-04       1
51  6.981927e-05       1
52  3.961909e-07       1
53  1.944331e-03       1
54  7.053456e-04       1
55  1.073073e-03       1
56  1.825219e-03       1
57  1.725138e-01       1
58  3.061546e-04       1
59  3.010589e-04       1
60  3.503295e-04       1
61  2.054353e-03       1
62  5.492188e-04       1
63  4.073800e-07       1
64  8.921022e-05       1
65  1.289689e-03       1
66  3.315357e-04       1
67  8.349720e-06       1
68  2.005485e-07       1
69  1.520764e-03       1
70  9.784549e-04       1
71  1.028146e-04       1
72  4.905131e-04       1
73  2.739822e-03       1
74  3.741802e-04       1
75  2.434611e-05       1
76  3.199566e-04       1
77  1.114432e-02       1
78  1.421084e-04       1
79  7.026284e-05       1
80  3.446567e-03       1
81  4.261553e-03       1
82  6.639490e-04       1
83  9.889588e-04       1
84  5.983338e-05       1
85  1.033555e-05       1
86  8.315117e-03       1
87  1.027333e-03       1
88  2.547132e-03       1
89  6.186294e-04       1
90  3.704124e-05       1
91  2.394143e-04       1
92  1.119191e-03       1
93  8.451509e-04       1
94  1.219502e-03       1
95  4.403650e-04       1
96  3.094394e-03       1
97  1.820157e-03       1
98  1.172623e-05       1
99  3.114092e-03       1
100 5.624333e-03       1
101 1.789706e-03       1
102 1.667471e-04       1
103 1.222871e-03       1
104 1.326201e-04       1
105 2.145159e-03       1
106 3.665497e-03       1
107 9.785702e-04       1
108 3.062354e-03       1
109 4.052951e-04       1
110 2.610997e-05       1
111 4.221966e-03       1
112 3.301333e-05       1
113 1.602999e-04       1
114 8.617609e-04       1
115 1.959889e-05       1
116 1.941115e-03       1
117 6.946080e-03       1
118 1.122800e-05       1
119 4.986587e-10       1
120 1.527736e-03       1
121 4.421835e-05       1
122 8.122279e-05       1
123 1.358241e-03       1
124 8.600831e-04       1
125 5.109214e-05       1
126 4.560466e-04       1
127 3.667005e-03       1
128 3.315108e-04       1
129 1.853655e-03       1
130 2.026225e-04       1
131 4.283639e-04       1
132 7.682379e-04       1
133 1.288777e-03       1
134 2.720838e-03       1
135 2.133650e-03       1
136 1.281120e-03       1
137 7.373094e-03       1
138 1.572194e-03       1
139 2.569302e-04       1
140 7.239146e-04       1
141 1.669374e-05       1
142 4.764408e-03       1
143 9.764553e-05       1
144 7.332918e-04       1
145 3.768531e-04       1
146 4.025828e-04       1
147 2.024199e-04       1
148 3.645045e-04       1
149 5.224140e-03       1
150 1.624000e-03       1
151 1.172898e-03       1
152 1.847583e-03       1
153 6.303542e-05       1
154 1.935186e-03       1
155 3.212519e-05       1
156 3.421412e-05       1
157 8.039375e-06       1
158 1.178756e-04       1
159 3.801543e-04       1
160 4.606816e-03       1
161 6.761322e-04       1
162 1.574899e-04       1
163 2.249281e-03       1
164 1.578692e-04       1
165 1.604666e-06       1
166 1.250712e-03       1
167 2.141686e-04       1
168 2.428840e-06       1
169 9.902069e-04       1
170 4.608171e-04       1
171 1.468716e-03       1
172 2.616292e-04       1
173 7.069096e-04       1
174 1.497922e-03       1
175 3.420856e-03       1
176 7.520637e-05       1
177 2.315000e-03       1
178 3.297762e-04       1
179 2.447580e-03       1
180 1.162278e-04       1
181 1.134353e-03       1
182 7.235809e-04       1
183 5.894733e-04       1
184 2.698048e-04       1
185 1.065848e-04       1
186 1.086830e-05       1
187 1.388435e-03       1
188 1.753044e-06       1
189 1.270872e-03       1
190 4.469024e-03       1
191 1.817049e-04       1
192 4.283580e-03       1
193 9.541566e-04       1
194 7.521073e-04       1
195 6.856474e-04       1
196 1.235460e-03       1
197 1.146635e-03       1
198 3.701582e-04       1
199 1.737712e-03       1
200 9.967523e-04       1
201 2.193800e-03       1
202 5.059730e-04       1
203 2.545499e-05       1
204 2.609269e-05       1
205 8.256192e-04       1
206 5.901381e-04       1
207 2.899293e-04       1
208 1.234663e-04       1
209 1.162962e-04       1
210 4.708104e-04       1
211 2.794094e-04       1
212 1.137881e-03       1
213 2.899981e-04       1
214 4.535298e-04       1
215 6.868414e-04       1
216 1.586617e-03       1
217 2.459441e-04       1
218 1.198856e-03       1
219 5.884737e-05       1
220 4.404429e-05       1
221 3.983631e-03       1
222 4.505649e-04       1
223 2.942611e-03       1
224 5.720315e-05       1
225 9.860244e-04       1
226 2.579217e-03       1
227 1.713980e-05       1
228 4.925849e-04       1
229 4.205957e-05       1
230 1.415972e-04       1
231 7.258935e-03       1
232 2.823819e-05       1
233 2.406767e-03       1
234 2.091474e-04       1
235 8.027706e-05       1
236 4.488960e-04       1
237 8.341242e-04       1
238 4.155186e-04       1
239 2.436693e-04       1
240 2.558522e-04       1
241 1.101954e-03       1
242 1.727093e-03       1
243 7.263728e-04       1
244 1.537210e-03       1
245 4.610261e-05       1
246 2.329332e-07       1
247 1.464363e-03       1
248 1.300442e-02       1
249 4.728709e-04       1
250 5.317285e-06       1
251 5.445690e-04       1
252 2.485311e-03       1
253 2.982837e-04       1
254 2.075177e-03       1
255 1.033454e-03       1
256 6.356711e-04       1
257 5.054614e-04       1
258 1.447814e-03       1
259 1.188501e-04       1
260 7.059619e-03       1
261 6.345108e-03       1
262 1.052936e-03       1
263 1.536138e-04       1
264 7.378009e-04       1
265 1.053283e-04       1
266 2.037611e-03       1
267 1.412235e-03       1
268 5.619625e-05       1
269 7.505347e-03       1
270 6.792511e-05       1
271 2.462281e-04       1
272 1.118538e-03       1
273 1.814046e-06       1
274 4.031063e-05       1
275 6.515470e-04       1
276 1.928178e-03       1
277 5.528899e-04       1
278 1.413850e-03       1
279 1.033942e-03       1
280 7.095817e-05       1
281 3.706946e-05       1
282 1.608977e-03       1
283 7.400291e-06       1
284 4.768410e-03       1
285 7.388895e-04       1
286 3.402774e-07       1
287 1.793419e-03       1
288 4.479401e-04       1
289 5.741705e-03       1
290 2.692436e-03       1
291 2.837330e-04       1
292 6.902048e-04       1
293 3.122163e-04       1
294 1.908646e-04       1
295 1.149434e-03       1
296 8.812838e-04       1
297 3.877696e-06       1
298 3.978025e-03       1
299 1.211685e-03       1
300 1.192436e-03       1
301 6.580310e-04       1
302 3.198215e-04       1
303 1.447543e-03       1
304 2.533901e-04       1
305 2.484452e-03       1
306 1.351906e-02       1
307 1.605963e-03       1
308 2.514889e-03       1
309 1.164806e-03       1
310 1.508997e-05       1
311 3.393452e-04       1
312 1.310041e-04       1
313 1.925598e-04       1
314 1.542535e-04       1
315 1.474609e-03       1
316 4.470897e-05       1
317 2.284455e-03       1
318 2.082859e-06       1
319 2.503330e-03       1
320 1.291725e-03       1
321 2.260030e-04       1
322 2.293462e-04       1
323 3.069080e-03       1
324 2.650140e-03       1
325 1.494304e-03       1
326 1.026882e-03       1
327 3.976816e-05       1
328 2.895602e-04       1
329 1.251670e-04       1
330 2.257279e-03       1
331 4.014621e-03       1
332 4.288007e-04       1
333 5.051101e-04       1
334 1.343714e-03       1
335 2.673645e-04       1
336 5.408222e-04       1
337 1.346479e-03       1
338 4.308351e-04       1
339 3.412095e-04       1
340 9.425526e-04       1
341 1.582955e-03       1
342 1.229048e-06       1
343 2.381196e-05       1
344 1.278122e-04       1
345 1.139357e-03       1
346 3.654516e-04       1
347 3.385132e-03       1
348 1.024306e-01       1
349 2.982844e-04       1
350 1.815228e-03       1
351 3.346181e-03       1
352 4.031164e-04       1
353 2.276642e-05       1
354 1.554922e-04       1
355 9.945734e-04       1
356 5.758574e-04       1
357 7.040946e-05       1
358 9.184240e-04       1
359 5.273627e-03       1
360 1.817489e-03       1
361 1.268161e-04       1
362 1.641562e-03       1
363 1.918463e-04       1
364 3.642518e-05       1
365 2.219289e-03       1
366 2.065830e-03       1
367 7.986634e-04       1
368 5.167783e-04       1
369 1.746482e-05       1
370 4.081854e-05       1
371 5.696566e-04       1
372 3.654481e-05       1
373 1.148233e-03       1
374 1.239630e-06       1
375 6.149671e-04       1
376 1.395843e-03       1
377 3.102969e-04       1
378 6.431839e-04       1
379 4.260144e-04       1
380 1.181485e-03       1
381 1.733066e-04       1
382 9.568145e-05       1
383 1.953501e-05       1
384 1.587712e-04       1
385 9.353249e-04       1
386 8.903141e-05       1
387 6.938974e-04       1
388 1.003665e-04       1
389 2.640834e-05       1
390 3.718388e-06       1
391 1.205206e-04       1
392 2.108590e-04       1

$`MR-PRESSO results`$`Distortion Test`
$`MR-PRESSO results`$`Distortion Test`$`Outliers Indices`
[1] "No significant outliers"

$`MR-PRESSO results`$`Distortion Test`$`Distortion Coefficient`
[1] NA

$`MR-PRESSO results`$`Distortion Test`$Pvalue
[1] NA



