$`Main MR results`
       Exposure       MR Analysis Causal Estimate         Sd    T-stat
1 beta.exposure               Raw      0.03163015 0.02758122 1.1468002
2 beta.exposure Outlier-corrected      0.01445841 0.01799465 0.8034839
    P-value
1 0.2546821
2 0.4239902

$`MR-PRESSO results`
$`MR-PRESSO results`$`Global Test`
$`MR-PRESSO results`$`Global Test`$RSSobs
[1] 190.867

$`MR-PRESSO results`$`Global Test`$Pvalue
[1] "<1e-04"


$`MR-PRESSO results`$`Outlier Test`
         RSSobs  Pvalue
1  1.319718e-04       1
2  2.966087e-07       1
3  5.759053e-05       1
4  7.355778e-05       1
5  2.345709e-05       1
6  6.275670e-05       1
7  1.619008e-04       1
8  1.126141e-04       1
9  1.089529e-05       1
10 1.422222e-04       1
11 2.792453e-03       1
12 9.163630e-07       1
13 8.190804e-05       1
14 2.654135e-04       1
15 2.477614e-05       1
16 1.462219e-04       1
17 7.583873e-05       1
18 1.685078e-05       1
19 1.007416e-04       1
20 9.055825e-07       1
21 8.499307e-06       1
22 8.574383e-05       1
23 1.041636e-03       1
24 3.958251e-05       1
25 5.557284e-05       1
26 2.199310e-04       1
27 7.904888e-05       1
28 1.236187e-04       1
29 3.725965e-08       1
30 1.931873e-04       1
31 2.253073e-05       1
32 1.292113e-06       1
33 1.093125e-04       1
34 1.655493e-04       1
35 8.352401e-05       1
36 6.931018e-05       1
37 1.630053e-04       1
38 2.383321e-05       1
39 1.626827e-05       1
40 2.885869e-10       1
41 1.013734e-04       1
42 6.483201e-05       1
43 9.858179e-04 <0.0086
44 2.869470e-04       1
45 3.983054e-06       1
46 8.318819e-07       1
47 2.010657e-05       1
48 1.533486e-04       1
49 7.003880e-05       1
50 2.547117e-04       1
51 1.633476e-04       1
52 3.145796e-04       1
53 5.551362e-05       1
54 1.345421e-05       1
55 7.341901e-05       1
56 1.235154e-05       1
57 8.112348e-04  0.5246
58 3.754261e-07       1
59 9.231670e-03 <0.0086
60 2.059788e-05       1
61 2.641646e-06       1
62 7.918991e-05       1
63 1.112245e-05       1
64 1.596176e-04       1
65 2.865242e-05       1
66 6.807421e-05       1
67 3.493704e-07       1
68 1.263188e-07       1
69 2.214263e-05       1
70 9.570251e-05       1
71 6.601423e-05       1
72 5.760887e-06       1
73 7.124580e-07       1
74 7.128263e-05       1
75 2.656399e-04       1
76 3.041918e-04       1
77 1.619298e-04       1
78 7.066689e-06       1
79 6.156327e-05       1
80 7.912193e-05       1
81 7.827756e-05       1
82 2.622253e-04       1
83 4.777718e-05       1
84 8.076620e-05       1
85 8.543226e-06       1
86 1.633803e-06       1

$`MR-PRESSO results`$`Distortion Test`
$`MR-PRESSO results`$`Distortion Test`$`Outliers Indices`
[1] 43 59

$`MR-PRESSO results`$`Distortion Test`$`Distortion Coefficient`
beta.exposure 
     118.7665 

$`MR-PRESSO results`$`Distortion Test`$Pvalue
[1] 0.1461



