$`Main MR results`
       Exposure       MR Analysis Causal Estimate        Sd   T-stat    P-value
1 beta.exposure               Raw        1.679530 1.0808032 1.553964 0.12404419
2 beta.exposure Outlier-corrected        1.823552 0.9749405 1.870424 0.06508228

$`MR-PRESSO results`
$`MR-PRESSO results`$`Global Test`
$`MR-PRESSO results`$`Global Test`$RSSobs
[1] 116.9386

$`MR-PRESSO results`$`Global Test`$Pvalue
[1] 0.0114


$`MR-PRESSO results`$`Outlier Test`
         RSSobs Pvalue
1  6.840194e-04      1
2  4.593117e-04      1
3  3.260870e-02      1
4  2.211094e-05      1
5  7.409615e-03      1
6  9.403008e-02 0.0166
7  1.015296e-02      1
8  1.206363e-05      1
9  1.474574e-04      1
10 1.094734e-02      1
11 8.349351e-03      1
12 1.732308e-03      1
13 5.111718e-08      1
14 3.677152e-03      1
15 3.798103e-02      1
16 1.856556e-05      1
17 1.357523e-02      1
18 2.125733e-02      1
19 1.757957e-02      1
20 4.949895e-07      1
21 1.877071e-02      1
22 5.659171e-03      1
23 2.452974e-05      1
24 1.329084e-02      1
25 1.706033e-02      1
26 5.920894e-05      1
27 4.619333e-02      1
28 1.106264e-02      1
29 2.746846e-04      1
30 2.297295e-06      1
31 9.076525e-05      1
32 2.126900e-02      1
33 2.457466e-04      1
34 1.099268e-05      1
35 9.349791e-03      1
36 7.002761e-03      1
37 5.992898e-05      1
38 8.890097e-03      1
39 3.269618e-02      1
40 2.867941e-02      1
41 3.646887e-02      1
42 1.924086e-02      1
43 1.372614e-04      1
44 1.216611e-02      1
45 4.592115e-03      1
46 6.621418e-03      1
47 2.156417e-02      1
48 1.004000e-02      1
49 2.494765e-02      1
50 1.795648e-02      1
51 5.008471e-07      1
52 8.810491e-02      1
53 1.162197e-02      1
54 3.041704e-05      1
55 6.234187e-03      1
56 8.104482e-03      1
57 5.945884e-03      1
58 1.389742e-03      1
59 5.432507e-04      1
60 8.315809e-03      1
61 5.060077e-03      1
62 1.409689e-02      1
63 6.530077e-03      1
64 2.270844e-04      1
65 7.140428e-03      1
66 6.794752e-03      1
67 1.562495e-01 0.0083
68 1.242699e-03      1
69 3.679491e-03      1
70 1.999984e-02      1
71 4.028509e-04      1
72 5.909831e-03      1
73 3.191483e-04      1
74 8.515132e-03      1
75 2.205255e-03      1
76 9.298750e-03      1
77 3.312609e-03      1
78 2.264598e-02      1
79 8.300021e-04      1
80 1.345413e-02      1
81 4.279176e-02      1
82 8.708020e-02 0.2075
83 1.122577e-03      1

$`MR-PRESSO results`$`Distortion Test`
$`MR-PRESSO results`$`Distortion Test`$`Outliers Indices`
[1]  6 67

$`MR-PRESSO results`$`Distortion Test`$`Distortion Coefficient`
beta.exposure 
    -7.897882 

$`MR-PRESSO results`$`Distortion Test`$Pvalue
[1] 0.8881



