$`Main MR results`
       Exposure       MR Analysis Causal Estimate          Sd      T-stat
1 beta.exposure               Raw   -0.0003094062 0.003750718 -0.08249253
2 beta.exposure Outlier-corrected              NA          NA          NA
    P-value
1 0.9342973
2        NA

$`MR-PRESSO results`
$`MR-PRESSO results`$`Global Test`
$`MR-PRESSO results`$`Global Test`$RSSobs
[1] 458.5774

$`MR-PRESSO results`$`Global Test`$Pvalue
[1] 0.01128


$`MR-PRESSO results`$`Outlier Test`
          RSSobs  Pvalue
1   4.003082e-05       1
2   2.698497e-04       1
3   1.868240e-04       1
4   4.650609e-05       1
5   2.001066e-05       1
6   1.801779e-04       1
7   2.779708e-03       1
8   6.081439e-04       1
9   9.358029e-04       1
10  4.413743e-05       1
11  2.056040e-07       1
12  9.415577e-04       1
13  2.224289e-05       1
14  1.029985e-05       1
15  4.665908e-05       1
16  2.209483e-04       1
17  1.145244e-03       1
18  3.938953e-06       1
19  1.070302e-04       1
20  2.555207e-05       1
21  1.535525e-03       1
22  1.269021e-04       1
23  2.299027e-04       1
24  4.600968e-05       1
25  4.819466e-04       1
26  4.010038e-04       1
27  2.191436e-04       1
28  1.202459e-04       1
29  6.663091e-05       1
30  6.964092e-05       1
31  4.565412e-06       1
32  3.756128e-04       1
33  1.291723e-04       1
34  3.911507e-05       1
35  2.941266e-04       1
36  1.152961e-03       1
37  1.880670e-04       1
38  6.348424e-05       1
39  1.551245e-04       1
40  2.796410e-03 0.10976
41  1.104316e-04       1
42  3.055115e-05       1
43  8.268016e-04       1
44  9.832174e-04       1
45  5.845148e-04       1
46  4.867418e-06       1
47  1.455299e-04       1
48  2.232636e-04       1
49  1.011566e-04       1
50  2.075014e-05       1
51  1.490900e-06       1
52  1.134285e-03       1
53  1.018626e-04       1
54  3.768329e-06       1
55  6.655833e-05       1
56  9.848765e-05       1
57  1.130296e-03       1
58  2.591522e-04       1
59  9.204893e-06       1
60  5.157444e-06       1
61  1.056030e-03       1
62  3.123176e-04       1
63  7.199048e-04       1
64  4.650698e-07       1
65  3.621865e-04       1
66  1.449202e-04       1
67  2.239395e-05       1
68  1.085418e-05       1
69  5.166549e-05       1
70  8.907678e-08       1
71  2.262548e-04       1
72  4.315393e-04       1
73  1.163802e-04       1
74  4.759710e-05       1
75  5.697272e-05       1
76  3.427337e-04       1
77  5.213876e-05       1
78  2.643442e-05       1
79  3.368915e-05       1
80  1.839354e-03       1
81  1.539850e-04       1
82  1.345867e-06       1
83  4.774944e-05       1
84  1.603977e-06       1
85  5.550530e-07       1
86  4.795955e-03  0.6272
87  7.871020e-06       1
88  5.035428e-05       1
89  5.002814e-04       1
90  1.069590e-04       1
91  3.316821e-03 0.18816
92  4.719928e-05       1
93  6.214704e-04       1
94  3.498702e-05       1
95  1.214302e-04       1
96  1.107668e-03       1
97  5.692818e-06       1
98  2.959776e-06       1
99  1.239665e-02       1
100 1.780589e-03       1
101 4.328546e-04       1
102 4.780714e-06       1
103 7.639418e-03       1
104 1.129465e-04       1
105 2.286292e-04       1
106 2.073301e-03       1
107 1.304438e-05       1
108 2.295241e-04       1
109 1.773722e-03       1
110 2.070036e-06       1
111 1.352287e-06       1
112 1.268108e-05       1
113 7.673205e-06       1
114 6.550128e-08       1
115 2.370119e-05       1
116 8.479199e-07       1
117 8.870304e-04       1
118 2.544253e-05       1
119 8.150739e-07       1
120 7.636080e-04       1
121 3.079058e-05       1
122 1.508250e-04       1
123 7.065687e-04       1
124 5.670897e-05       1
125 7.492550e-04       1
126 2.153859e-04       1
127 2.348083e-04       1
128 3.442133e-04       1
129 3.946718e-05       1
130 1.966982e-05       1
131 2.033633e-04       1
132 3.015994e-04       1
133 2.064868e-04       1
134 2.063427e-04       1
135 1.314207e-05       1
136 5.020671e-04       1
137 6.296437e-04       1
138 5.839083e-05       1
139 3.842814e-04       1
140 3.950579e-05       1
141 1.683185e-03       1
142 8.456257e-05       1
143 1.005397e-03       1
144 4.224676e-04       1
145 6.667732e-05       1
146 8.667976e-06       1
147 7.603154e-04       1
148 2.001186e-03 0.20384
149 3.939472e-05       1
150 1.215437e-08       1
151 2.548706e-04       1
152 7.796055e-04       1
153 1.402220e-04       1
154 2.547972e-04       1
155 8.659511e-04       1
156 1.251056e-04       1
157 4.969266e-09       1
158 1.624927e-04       1
159 3.987580e-05       1
160 4.173986e-04       1
161 2.863239e-04       1
162 3.710526e-04       1
163 3.350383e-04       1
164 2.639653e-05       1
165 2.293446e-04       1
166 4.883119e-04       1
167 5.452789e-05       1
168 4.403216e-04       1
169 5.948769e-04       1
170 8.276697e-09       1
171 2.076726e-06       1
172 4.714533e-05       1
173 1.826326e-04       1
174 5.269929e-04       1
175 3.283896e-04       1
176 2.037962e-04       1
177 3.082048e-04       1
178 8.951173e-06       1
179 2.177528e-05       1
180 6.085212e-05       1
181 2.141106e-04       1
182 1.081542e-04       1
183 2.956704e-05       1
184 2.477390e-04       1
185 4.025494e-04       1
186 6.528830e-05       1
187 1.497911e-09       1
188 3.142404e-04       1
189 2.390562e-05       1
190 1.146032e-03       1
191 1.023298e-06       1
192 2.055355e-03       1
193 6.214123e-05       1
194 1.260387e-04       1
195 6.744755e-04       1
196 4.739518e-04       1
197 5.265170e-04       1
198 1.365890e-04       1
199 9.388837e-05       1
200 1.997055e-06       1
201 9.388119e-04       1
202 1.273302e-04       1
203 3.594467e-04       1
204 2.400026e-05       1
205 2.939711e-06       1
206 1.038461e-04       1
207 1.727176e-05       1
208 2.939173e-04       1
209 4.554728e-04       1
210 4.096682e-06       1
211 2.653762e-04       1
212 1.608828e-04       1
213 1.079854e-04       1
214 1.511167e-05       1
215 1.699990e-04       1
216 4.431049e-05       1
217 1.278493e-05       1
218 1.153551e-04       1
219 4.408379e-04       1
220 3.924828e-05       1
221 4.283981e-05       1
222 3.026819e-06       1
223 2.039291e-04       1
224 3.696996e-04       1
225 1.333255e-03       1
226 7.526827e-06       1
227 3.530483e-06       1
228 7.600801e-05       1
229 1.348068e-04       1
230 3.919939e-04       1
231 1.121260e-03       1
232 6.209960e-04       1
233 8.946381e-07       1
234 2.564530e-04       1
235 1.097716e-05       1
236 7.461902e-05       1
237 2.062595e-04       1
238 8.726759e-05       1
239 3.304028e-05       1
240 6.148593e-06       1
241 3.894069e-05       1
242 2.774283e-05       1
243 2.723199e-07       1
244 4.276565e-04       1
245 3.192432e-05       1
246 1.092247e-04       1
247 4.240891e-05       1
248 1.604510e-04       1
249 5.360921e-05       1
250 5.306857e-07       1
251 6.095184e-05       1
252 8.775493e-04       1
253 1.232300e-04       1
254 2.618622e-05       1
255 1.783220e-04       1
256 1.121043e-04       1
257 1.868085e-04       1
258 8.455366e-04       1
259 8.440365e-04       1
260 1.253169e-04       1
261 2.622774e-04       1
262 1.160519e-03       1
263 6.856018e-03       1
264 3.833805e-05       1
265 1.897174e-04       1
266 1.657698e-04       1
267 2.583014e-04       1
268 3.239382e-05       1
269 4.331616e-04       1
270 4.081496e-08       1
271 1.188537e-03       1
272 9.054962e-06       1
273 4.734011e-06       1
274 1.197059e-05       1
275 4.275638e-06       1
276 1.071889e-04       1
277 9.598791e-05       1
278 7.934560e-05       1
279 5.026904e-05       1
280 5.697577e-05       1
281 4.718679e-06       1
282 5.118726e-05       1
283 1.605351e-04       1
284 8.008950e-04       1
285 1.135277e-04       1
286 2.686325e-05       1
287 3.993416e-04       1
288 5.812561e-04       1
289 4.706212e-05       1
290 2.318966e-04       1
291 5.734085e-05       1
292 1.744318e-06       1
293 3.926982e-05       1
294 3.542819e-05       1
295 1.117264e-07       1
296 1.130702e-04       1
297 1.143294e-04       1
298 3.303834e-05       1
299 3.191236e-04       1
300 8.374270e-04       1
301 1.927634e-05       1
302 5.383561e-05       1
303 3.095790e-06       1
304 2.037590e-05       1
305 1.310933e-04       1
306 4.745368e-04       1
307 2.286933e-04       1
308 5.046914e-05       1
309 2.604963e-04       1
310 1.999433e-05       1
311 3.960480e-04       1
312 2.676384e-05       1
313 2.687163e-04       1
314 1.547196e-04       1
315 4.445472e-07       1
316 1.171544e-04       1
317 5.797505e-05       1
318 2.792714e-05       1
319 4.832799e-06       1
320 1.172787e-04       1
321 6.377593e-09       1
322 7.186383e-08       1
323 2.177005e-06       1
324 7.134204e-05       1
325 3.187052e-05       1
326 1.843136e-04       1
327 9.953153e-05       1
328 8.593006e-05       1
329 4.443569e-04       1
330 1.387654e-04       1
331 6.036412e-04       1
332 2.562395e-05       1
333 9.438442e-04       1
334 4.333484e-04       1
335 1.523418e-05       1
336 1.176185e-04       1
337 3.275331e-05       1
338 1.507678e-06       1
339 8.198048e-05       1
340 1.032242e-05       1
341 2.801155e-04       1
342 3.812101e-06       1
343 3.385168e-04       1
344 8.789279e-07       1
345 3.766058e-04       1
346 3.323061e-04       1
347 9.287788e-05       1
348 3.401048e-04       1
349 2.198197e-06       1
350 2.838721e-06       1
351 1.377706e-03       1
352 8.783496e-07       1
353 4.161793e-04       1
354 1.298421e-06       1
355 3.173213e-06       1
356 1.841712e-04       1
357 5.096739e-04       1
358 6.545179e-05       1
359 4.447856e-04       1
360 6.574090e-04       1
361 2.543146e-04       1
362 6.758200e-05       1
363 1.062651e-05       1
364 2.674412e-06       1
365 2.144122e-04       1
366 1.533672e-04       1
367 5.390534e-07       1
368 2.300155e-04       1
369 8.178884e-06       1
370 4.514187e-06       1
371 4.800336e-06       1
372 1.474739e-06       1
373 1.107171e-06       1
374 7.250690e-05       1
375 2.283754e-05       1
376 4.363667e-04       1
377 2.279202e-04       1
378 2.073114e-04       1
379 3.681100e-04       1
380 1.672367e-06       1
381 5.466632e-05       1
382 1.377491e-04       1
383 2.389380e-05       1
384 4.865706e-06       1
385 1.188769e-04       1
386 6.983255e-04       1
387 2.278108e-04       1
388 9.828279e-06       1
389 8.602940e-05       1
390 6.055078e-04       1
391 8.857460e-06       1
392 2.269798e-05       1

$`MR-PRESSO results`$`Distortion Test`
$`MR-PRESSO results`$`Distortion Test`$`Outliers Indices`
[1] "No significant outliers"

$`MR-PRESSO results`$`Distortion Test`$`Distortion Coefficient`
[1] NA

$`MR-PRESSO results`$`Distortion Test`$Pvalue
[1] NA



