$`Main MR results`
       Exposure       MR Analysis Causal Estimate        Sd     T-stat
1 beta.exposure               Raw     -0.07184497 0.1270584 -0.5654482
2 beta.exposure Outlier-corrected     -0.06452234 0.1201704 -0.5369237
    P-value
1 0.5736862
2 0.5931535

$`MR-PRESSO results`
$`MR-PRESSO results`$`Global Test`
$`MR-PRESSO results`$`Global Test`$RSSobs
[1] 100.8112

$`MR-PRESSO results`$`Global Test`$Pvalue
[1] 0.0068


$`MR-PRESSO results`$`Outlier Test`
         RSSobs Pvalue
1  4.660022e-06      1
2  5.029057e-05      1
3  7.681907e-06      1
4  2.716471e-04      1
5  2.112442e-04      1
6  6.617668e-05      1
7  1.645937e-06      1
8  2.957199e-03      1
9  1.488032e-03 0.4221
10 6.270227e-05      1
11 3.937815e-06      1
12 4.882513e-05      1
13 6.859076e-06      1
14 7.256866e-04      1
15 2.460693e-04      1
16 6.698628e-04      1
17 1.240495e-04      1
18 4.789847e-04      1
19 3.341509e-03 0.7638
20 8.061566e-04      1
21 7.976730e-04      1
22 5.860157e-04      1
23 1.290276e-04      1
24 2.900004e-04      1
25 3.571473e-04      1
26 1.362296e-04      1
27 4.095614e-04      1
28 5.063425e-10      1
29 5.661314e-04      1
30 2.215108e-05      1
31 1.448142e-04      1
32 3.564305e-04      1
33 6.307740e-04      1
34 2.374656e-07      1
35 1.197428e-04      1
36 4.232754e-05      1
37 1.198392e-04      1
38 1.097269e-04      1
39 5.908573e-04      1
40 8.888916e-05      1
41 6.020780e-04      1
42 8.151524e-05      1
43 5.379884e-05      1
44 1.712266e-05      1
45 4.781775e-04      1
46 9.696497e-05      1
47 2.103057e-05      1
48 1.028336e-02      1
49 8.516866e-02 0.0335
50 8.211061e-04      1
51 1.048444e-07      1
52 4.616160e-04      1
53 4.658950e-07      1
54 5.402062e-04      1
55 1.926547e-04      1
56 7.247970e-04      1
57 4.542861e-05      1
58 3.877833e-05      1
59 2.501255e-04      1
60 3.635827e-05      1
61 2.061391e-04      1
62 7.492251e-05      1
63 8.262877e-05      1
64 3.401322e-05      1
65 1.549570e-04      1
66 9.293455e-05      1
67 9.206210e-06      1

$`MR-PRESSO results`$`Distortion Test`
$`MR-PRESSO results`$`Distortion Test`$`Outliers Indices`
[1] 49

$`MR-PRESSO results`$`Distortion Test`$`Distortion Coefficient`
beta.exposure 
    -11.34899 

$`MR-PRESSO results`$`Distortion Test`$Pvalue
[1] 0.9464



