$`Main MR results`
       Exposure       MR Analysis Causal Estimate         Sd     T-stat
1 beta.exposure               Raw     0.008949731 0.02739340  0.3267113
2 beta.exposure Outlier-corrected    -0.012482065 0.01928518 -0.6472362
    P-value
1 0.7447727
2 0.5194293

$`MR-PRESSO results`
$`MR-PRESSO results`$`Global Test`
$`MR-PRESSO results`$`Global Test`$RSSobs
[1] 150.7314

$`MR-PRESSO results`$`Global Test`$Pvalue
[1] "<1e-04"


$`MR-PRESSO results`$`Outlier Test`
         RSSobs  Pvalue
1  1.013252e-05       1
2  2.666336e-04       1
3  3.011410e-05       1
4  9.395927e-05       1
5  7.176447e-06       1
6  4.032002e-08       1
7  2.507314e-04       1
8  3.891368e-04       1
9  3.922731e-03       1
10 1.086978e-04       1
11 1.023515e-06       1
12 1.301325e-06       1
13 6.780871e-04       1
14 2.199369e-06       1
15 1.309364e-07       1
16 1.058619e-04       1
17 1.428811e-04       1
18 2.382343e-03       1
19 7.349708e-06       1
20 2.248943e-04       1
21 9.622028e-06       1
22 6.105226e-05       1
23 1.544028e-07       1
24 2.224345e-07       1
25 1.160541e-03       1
26 1.609779e-04       1
27 4.746198e-05       1
28 1.812455e-04       1
29 5.479687e-04       1
30 3.759955e-08       1
31 4.463320e-06       1
32 4.128958e-04       1
33 2.273922e-05       1
34 6.906387e-05       1
35 6.467696e-06       1
36 1.416259e-04       1
37 5.255919e-06       1
38 8.575874e-05       1
39 6.714524e-07       1
40 9.648471e-05       1
41 9.697231e-05       1
42 1.690560e-04       1
43 4.658113e-08       1
44 6.447092e-06       1
45 3.690687e-05       1
46 1.576469e-04       1
47 2.533690e-05       1
48 4.199916e-06       1
49 4.765280e-04       1
50 3.503095e-04       1
51 5.554978e-05       1
52 4.857773e-05       1
53 2.936529e-05       1
54 7.487732e-05       1
55 7.338928e-04       1
56 8.898348e-03 <0.0078
57 1.786402e-06       1
58 2.011702e-05       1
59 3.475120e-06       1
60 2.781377e-04       1
61 2.073877e-04       1
62 2.104917e-05       1
63 2.382659e-06       1
64 6.761022e-04  0.3276
65 1.341552e-04       1
66 2.938557e-05       1
67 2.195756e-04       1
68 2.216254e-03       1
69 3.252341e-04       1
70 4.591014e-06       1
71 2.758936e-05       1
72 7.118995e-04       1
73 2.641461e-04       1
74 1.155698e-04       1
75 1.055664e-05       1
76 7.629828e-06       1
77 7.619059e-06       1
78 1.740958e-04       1

$`MR-PRESSO results`$`Distortion Test`
$`MR-PRESSO results`$`Distortion Test`$`Outliers Indices`
[1] 56

$`MR-PRESSO results`$`Distortion Test`$`Distortion Coefficient`
beta.exposure 
     171.7007 

$`MR-PRESSO results`$`Distortion Test`$Pvalue
[1] 0.2488



