$`Main MR results`
       Exposure       MR Analysis Causal Estimate         Sd    T-stat
1 beta.exposure               Raw      0.02108018 0.07383792 0.2854926
2 beta.exposure Outlier-corrected      0.03659882 0.07000122 0.5228311
    P-value
1 0.7758187
2 0.6021829

$`MR-PRESSO results`
$`MR-PRESSO results`$`Global Test`
$`MR-PRESSO results`$`Global Test`$RSSobs
[1] 147.8101

$`MR-PRESSO results`$`Global Test`$Pvalue
[1] 0.0086


$`MR-PRESSO results`$`Outlier Test`
          RSSobs  Pvalue
1   1.437596e-04       1
2   8.703608e-05       1
3   9.108464e-05       1
4   2.408727e-03       1
5   4.541240e-04       1
6   2.961957e-04       1
7   1.458076e-04       1
8   1.585702e-03       1
9   2.624398e-06       1
10  6.218273e-04       1
11  6.039638e-04       1
12  1.044901e-03       1
13  2.215034e-05       1
14  3.379021e-04       1
15  1.220439e-03       1
16  3.782922e-05       1
17  3.801006e-04       1
18  6.548927e-04       1
19  8.879351e-03       1
20  9.633076e-06       1
21  2.042500e-04       1
22  9.179460e-03       1
23  6.887521e-04       1
24  1.622316e-06       1
25  1.219361e-04       1
26  5.631686e-06       1
27  8.598036e-04       1
28  9.691613e-04       1
29  3.013434e-04       1
30  5.535116e-03       1
31  6.547576e-04       1
32  3.834823e-05       1
33  1.890205e-04       1
34  4.533122e-05       1
35  1.411571e-03       1
36  1.550209e-03       1
37  1.501176e-05       1
38  2.376942e-04       1
39  3.054552e-05       1
40  4.853267e-04       1
41  4.802196e-05       1
42  2.780350e-04       1
43  2.335464e-05       1
44  1.761256e-04       1
45  1.307089e-02       1
46  1.520532e-03       1
47  1.993118e-05       1
48  1.564671e-04       1
49  1.277319e-03       1
50  6.553346e-05       1
51  3.447653e-06       1
52  2.526057e-04       1
53  1.338149e-03       1
54  2.260986e-03       1
55  1.414386e-04       1
56  2.145269e-04       1
57  9.462798e-05       1
58  1.374157e-05       1
59  4.618419e-05       1
60  1.452493e-04       1
61  6.229367e-03 <0.0108
62  1.432847e-05       1
63  1.249635e-03       1
64  1.184920e-03       1
65  1.510578e-03       1
66  3.507939e-04       1
67  5.676701e-03       1
68  1.162902e-04       1
69  1.162514e-03       1
70  3.880863e-05       1
71  3.859062e-04       1
72  7.983160e-05       1
73  4.165568e-05       1
74  8.997720e-05       1
75  5.354619e-04       1
76  2.323056e-04       1
77  2.776764e-04       1
78  4.389865e-06       1
79  1.162003e-03       1
80  1.853153e-05       1
81  5.348992e-05       1
82  6.293460e-04       1
83  6.665242e-04       1
84  2.914016e-03       1
85  4.774239e-05       1
86  9.434506e-04       1
87  1.172680e-03       1
88  4.532613e-05       1
89  2.320221e-05       1
90  2.528755e-03       1
91  3.251415e-04       1
92  1.002560e-03       1
93  1.673431e-03       1
94  1.283366e-05       1
95  9.048910e-06       1
96  2.729815e-04       1
97  5.906632e-04       1
98  1.500012e-03       1
99  5.611145e-04       1
100 3.048216e-04       1
101 1.703479e-03       1
102 7.467559e-05       1
103 1.223843e-04       1
104 1.895531e-05       1
105 4.829387e-04       1
106 4.648872e-05       1
107 1.500819e-05       1
108 1.640198e-04       1

$`MR-PRESSO results`$`Distortion Test`
$`MR-PRESSO results`$`Distortion Test`$`Outliers Indices`
[1] 61

$`MR-PRESSO results`$`Distortion Test`$`Distortion Coefficient`
beta.exposure 
    -42.40202 

$`MR-PRESSO results`$`Distortion Test`$Pvalue
[1] 0.8545



