$`Main MR results`
       Exposure       MR Analysis Causal Estimate        Sd    T-stat
1 beta.exposure               Raw      -0.6888014 0.2145762 -3.210055
2 beta.exposure Outlier-corrected      -0.6804440 0.1879577 -3.620197
       P-value
1 0.0020044487
2 0.0005618515

$`MR-PRESSO results`
$`MR-PRESSO results`$`Global Test`
$`MR-PRESSO results`$`Global Test`$RSSobs
[1] 113.7276

$`MR-PRESSO results`$`Global Test`$Pvalue
[1] 0.0016


$`MR-PRESSO results`$`Outlier Test`
         RSSobs  Pvalue
1  1.233757e-04       1
2  1.166359e-02 <0.0071
3  4.012798e-05       1
4  1.059328e-03       1
5  2.739049e-04       1
6  1.437465e-05       1
7  1.387487e-03       1
8  1.330718e-06       1
9  8.159413e-04       1
10 2.538037e-04       1
11 2.062412e-05       1
12 3.036588e-03       1
13 1.141888e-05       1
14 1.107387e-03       1
15 5.892954e-04       1
16 1.309105e-05       1
17 1.066417e-03       1
18 1.889370e-03       1
19 1.632814e-03       1
20 3.211525e-04       1
21 3.367008e-03   0.781
22 8.051065e-05       1
23 7.023807e-04       1
24 4.762295e-04       1
25 6.925918e-05       1
26 8.085349e-05       1
27 8.996862e-05       1
28 1.115745e-04       1
29 1.831054e-04       1
30 3.837730e-04       1
31 5.861669e-04       1
32 1.384295e-03       1
33 2.144375e-04       1
34 2.999313e-04       1
35 1.955305e-04       1
36 3.585270e-05       1
37 5.935848e-04       1
38 9.177541e-05       1
39 3.428437e-04       1
40 1.374830e-03       1
41 5.385724e-06       1
42 2.247171e-06       1
43 1.135129e-03       1
44 1.776877e-04       1
45 2.974771e-04       1
46 1.309717e-03       1
47 1.706316e-05       1
48 3.168993e-04       1
49 1.265261e-02  0.0071
50 9.581522e-04       1
51 2.289670e-04       1
52 5.249400e-04       1
53 7.661781e-06       1
54 2.772889e-05       1
55 1.577484e-03       1
56 3.364330e-03       1
57 1.228940e-04       1
58 1.525309e-03       1
59 2.145862e-05       1
60 2.522373e-03       1
61 5.205822e-03  0.0568
62 2.149578e-05       1
63 1.168478e-04       1
64 6.969465e-05       1
65 3.332055e-04       1
66 3.285624e-04       1
67 2.137774e-03       1
68 4.844723e-04       1
69 9.323539e-04       1
70 2.335068e-03       1
71 4.250264e-05       1

$`MR-PRESSO results`$`Distortion Test`
$`MR-PRESSO results`$`Distortion Test`$`Outliers Indices`
[1]  2 49

$`MR-PRESSO results`$`Distortion Test`$`Distortion Coefficient`
beta.exposure 
    -1.228234 

$`MR-PRESSO results`$`Distortion Test`$Pvalue
[1] 0.9624



