$`Main MR results`
       Exposure       MR Analysis Causal Estimate          Sd    T-stat
1 beta.exposure               Raw     0.001480160 0.008775516 0.1686693
2 beta.exposure Outlier-corrected     0.002845757 0.008550655 0.3328116
    P-value
1 0.8661334
2 0.7394340

$`MR-PRESSO results`
$`MR-PRESSO results`$`Global Test`
$`MR-PRESSO results`$`Global Test`$RSSobs
[1] 572.7758

$`MR-PRESSO results`$`Global Test`$Pvalue
[1] 4e-05


$`MR-PRESSO results`$`Outlier Test`
          RSSobs   Pvalue
1   3.025972e-04        1
2   3.174855e-04        1
3   5.188200e-05        1
4   1.499388e-03        1
5   1.979441e-03        1
6   1.783864e-03        1
7   4.720562e-04        1
8   3.034222e-03        1
9   2.238473e-04        1
10  5.173905e-03        1
11  4.395672e-03        1
12  6.384384e-04        1
13  8.840001e-03        1
14  1.256031e-05        1
15  3.030725e-03        1
16  2.759123e-04        1
17  2.061783e-04        1
18  1.620559e-04        1
19  2.595388e-04        1
20  3.411017e-04        1
21  6.463191e-04        1
22  1.110749e-04        1
23  2.272759e-04        1
24  9.049001e-04        1
25  1.257193e-03        1
26  3.048578e-03        1
27  6.000694e-04        1
28  1.929907e-05        1
29  1.127991e-03        1
30  5.629024e-03        1
31  1.102346e-04        1
32  6.281213e-04        1
33  3.709248e-03        1
34  4.298832e-05        1
35  2.712142e-04        1
36  5.796815e-04        1
37  7.192360e-05        1
38  3.548397e-04        1
39  3.268945e-04        1
40  2.144989e-03        1
41  9.873817e-04        1
42  9.537545e-03        1
43  2.845200e-03        1
44  1.180715e-04        1
45  3.045884e-03        1
46  1.218139e-03        1
47  1.569184e-04        1
48  2.140957e-05        1
49  1.625679e-03        1
50  2.813888e-03        1
51  2.247849e-04        1
52  1.599173e-03        1
53  1.118072e-04        1
54  8.412021e-05        1
55  2.977764e-03        1
56  4.473651e-04        1
57  3.196886e-04        1
58  2.239413e-03        1
59  6.562026e-03        1
60  4.255080e-06        1
61  2.390881e-04        1
62  3.719411e-05        1
63  1.303436e-03        1
64  1.357885e-06        1
65  2.744787e-04        1
66  4.488351e-04        1
67  1.423357e-03        1
68  1.339899e-03        1
69  2.571095e-05        1
70  8.714642e-05        1
71  3.798648e-04        1
72  7.805767e-04        1
73  2.159721e-03        1
74  4.450208e-05        1
75  1.212157e-03        1
76  1.542848e-02        1
77  7.177412e-05        1
78  3.999247e-05        1
79  1.471808e-04        1
80  1.407033e-04        1
81  2.995547e-03        1
82  6.330786e-04        1
83  8.737896e-05        1
84  7.195029e-03        1
85  1.145114e-03        1
86  6.272162e-04        1
87  1.197210e-02        1
88  4.937558e-04        1
89  2.741762e-04        1
90  1.252343e-03        1
91  4.965185e-03        1
92  3.343727e-06        1
93  3.016602e-04        1
94  4.411906e-05        1
95  9.487495e-06        1
96  7.393588e-06        1
97  1.127897e-04        1
98  1.861145e-04        1
99  8.667148e-03        1
100 2.466371e-05        1
101 4.950726e-03        1
102 3.520372e-04        1
103 3.164403e-06        1
104 7.810795e-04        1
105 6.542182e-03        1
106 2.734933e-04        1
107 4.648347e-04        1
108 7.121354e-04        1
109 6.776696e-04        1
110 4.026578e-05        1
111 1.765896e-04        1
112 1.448488e-03        1
113 1.708523e-03        1
114 5.936701e-02        1
115 7.850538e-03        1
116 1.042422e-03        1
117 4.117558e-03        1
118 2.469393e-04        1
119 1.486100e-06        1
120 2.128565e-05        1
121 1.839207e-03        1
122 1.440352e-03        1
123 9.777080e-04        1
124 6.086884e-04        1
125 4.188112e-04        1
126 7.953879e-05        1
127 2.850643e-03        1
128 9.729528e-05        1
129 8.246950e-06        1
130 6.266207e-05        1
131 8.533832e-04        1
132 3.590066e-03        1
133 1.761278e-04        1
134 2.089671e-04        1
135 1.360741e-04        1
136 1.393970e-05        1
137 1.978974e-03        1
138 7.269158e-03        1
139 6.270279e-04        1
140 6.995795e-06        1
141 1.047355e-03        1
142 2.479627e-02        1
143 1.051243e-03        1
144 3.965457e-05        1
145 1.042784e-04        1
146 5.853173e-04        1
147 5.849247e-05        1
148 2.322051e-03        1
149 8.668093e-05        1
150 1.463336e-06        1
151 6.803553e-02        1
152 7.207480e-04        1
153 9.280677e-03        1
154 6.541708e-05        1
155 2.339108e-05        1
156 3.292342e-04        1
157 3.431448e-04        1
158 5.033507e-03        1
159 2.319814e-04        1
160 4.075588e-05        1
161 1.738101e-04        1
162 8.216293e-04        1
163 1.076905e-04        1
164 6.321778e-05        1
165 2.694039e-04        1
166 1.246516e-03        1
167 6.771833e-06        1
168 5.253455e-03        1
169 1.543662e-04        1
170 1.698454e-03        1
171 2.628034e-04        1
172 1.425587e-04        1
173 5.707743e-04        1
174 2.275699e-03        1
175 2.869548e-03        1
176 7.607449e-04        1
177 3.866899e-04        1
178 1.417784e-03        1
179 6.189752e-05        1
180 1.781862e-04        1
181 1.249133e-03        1
182 4.237270e-03        1
183 2.051089e-04        1
184 1.595714e-04        1
185 8.240420e-04        1
186 2.462753e-03        1
187 1.043649e-03        1
188 2.294716e-03        1
189 9.298358e-05        1
190 8.184886e-05        1
191 6.857786e-06        1
192 1.138437e-04        1
193 2.401883e-04        1
194 5.064967e-05        1
195 5.717798e-04        1
196 5.305180e-04        1
197 6.493501e-04        1
198 3.620326e-04        1
199 4.692283e-04        1
200 7.078173e-04        1
201 6.923565e-06        1
202 3.274019e-05        1
203 1.361530e-03        1
204 1.412095e-04        1
205 1.180949e-05        1
206 4.366829e-04        1
207 9.779700e-03        1
208 1.087155e-04        1
209 1.482239e-04        1
210 1.363970e-03        1
211 1.150592e-04        1
212 8.065930e-04        1
213 4.310182e-04        1
214 7.509300e-04        1
215 5.201443e-04        1
216 1.529542e-03        1
217 8.809722e-04        1
218 3.253169e-05        1
219 2.181632e-07        1
220 2.568487e-03        1
221 1.453081e-05        1
222 9.026513e-04        1
223 7.790296e-04        1
224 7.307178e-04        1
225 1.482332e-04        1
226 3.733265e-03        1
227 5.132356e-04        1
228 1.842214e-03        1
229 1.399718e-03        1
230 1.026891e-05        1
231 6.279291e-04        1
232 1.058300e-04        1
233 5.589382e-06        1
234 7.562786e-04        1
235 3.731214e-03        1
236 1.738923e-05        1
237 4.339219e-05        1
238 2.095892e-05        1
239 1.097790e-06        1
240 7.578228e-03        1
241 1.310528e-03        1
242 8.278837e-04        1
243 1.793590e-03        1
244 1.173577e-03        1
245 1.603068e-06        1
246 2.300084e-04        1
247 1.243854e-03        1
248 2.287575e-03        1
249 3.851251e-05        1
250 9.842798e-05        1
251 1.062198e-05        1
252 1.525807e-04        1
253 7.427027e-04        1
254 4.071497e-05        1
255 2.700891e-03        1
256 2.972227e-03        1
257 4.935614e-05        1
258 8.851050e-04        1
259 5.666690e-03        1
260 1.735832e-04        1
261 4.863603e-04        1
262 3.896902e-04        1
263 2.027840e-04        1
264 3.823169e-04        1
265 4.968937e-04        1
266 5.037447e-03        1
267 6.018461e-04        1
268 4.489414e-06        1
269 6.480423e-05        1
270 5.190008e-04        1
271 1.242026e-03        1
272 1.764909e-04        1
273 1.111096e-03        1
274 3.306314e-05        1
275 6.233194e-03        1
276 6.550978e-03        1
277 1.610250e-04        1
278 3.272065e-03        1
279 1.466986e-02  0.01784
280 6.317506e-03        1
281 5.517496e-04        1
282 9.762043e-04        1
283 3.860960e-03        1
284 1.069431e-03        1
285 7.530818e-07        1
286 8.401325e-04        1
287 1.577720e-02 <0.01784
288 2.179572e-03        1
289 1.687819e-05        1
290 7.931106e-07        1
291 2.113716e-09        1
292 8.012392e-04        1
293 6.076786e-04        1
294 3.156729e-05        1
295 8.388290e-03        1
296 4.214383e-04        1
297 2.728084e-04        1
298 2.415507e-07        1
299 4.655343e-04        1
300 3.001315e-04        1
301 2.110690e-03        1
302 9.139020e-04        1
303 8.252957e-05        1
304 1.591663e-07        1
305 1.588293e-03        1
306 6.558045e-05        1
307 5.345266e-03        1
308 3.052464e-03        1
309 1.726689e-03        1
310 7.044058e-03        1
311 3.276297e-05        1
312 1.971252e-05        1
313 1.192753e-04        1
314 3.207972e-04        1
315 1.115941e-03        1
316 6.652614e-03        1
317 1.652002e-03        1
318 1.430633e-03        1
319 5.439773e-04        1
320 2.475582e-03        1
321 1.309218e-03        1
322 1.020688e-04        1
323 2.548564e-05        1
324 1.934472e-04        1
325 4.274779e-05        1
326 2.607492e-04        1
327 2.058441e-04        1
328 7.262896e-05        1
329 8.371941e-04        1
330 4.513047e-04        1
331 1.606785e-04        1
332 8.916294e-05        1
333 2.507235e-04        1
334 6.575734e-06        1
335 4.327972e-06        1
336 5.954273e-04        1
337 1.077222e-03        1
338 1.155225e-07        1
339 5.637137e-04        1
340 5.375461e-05        1
341 1.093654e-03        1
342 1.498969e-03        1
343 2.235729e-04        1
344 2.099963e-04        1
345 2.062746e-04        1
346 6.763174e-04        1
347 1.375792e-03        1
348 4.481849e-04        1
349 4.950472e-04        1
350 3.753942e-06        1
351 1.030267e-04        1
352 7.894904e-04        1
353 6.829403e-04        1
354 3.343022e-04        1
355 6.786732e-03        1
356 1.719620e-03        1
357 2.118930e-03        1
358 1.413447e-03        1
359 1.821254e-03        1
360 1.621723e-04        1
361 1.132996e-03        1
362 2.382758e-03        1
363 7.628300e-06        1
364 1.414068e-04        1
365 2.486342e-04        1
366 1.826055e-03        1
367 1.253355e-02        1
368 5.651308e-04        1
369 5.252186e-03        1
370 3.203448e-03        1
371 2.562482e-03        1
372 2.574109e-03        1
373 5.544328e-03        1
374 1.527560e-02        1
375 9.917927e-07        1
376 4.359238e-04        1
377 3.281651e-04        1
378 1.468279e-03        1
379 8.677437e-04        1
380 7.289243e-04        1
381 2.296643e-04        1
382 2.324542e-03        1
383 8.543260e-04        1
384 6.220337e-03        1
385 1.531479e-03        1
386 4.043797e-05        1
387 1.527826e-02        1
388 2.010693e-04        1
389 1.013041e-03        1
390 5.519142e-04        1
391 7.223135e-05        1
392 6.484834e-05        1
393 2.683328e-02        1
394 2.351885e-03        1
395 2.902584e-02        1
396 7.721461e-06        1
397 6.004698e-04        1
398 4.847553e-03        1
399 6.574095e-04        1
400 2.230796e-03        1
401 3.272028e-05        1
402 2.027808e-03        1
403 2.718180e-03        1
404 6.354266e-04        1
405 7.666650e-04        1
406 1.853352e-03        1
407 1.554462e-03        1
408 2.882804e-03        1
409 4.326465e-05        1
410 3.441818e-04        1
411 5.281904e-04        1
412 1.294156e-04        1
413 1.044304e-03        1
414 2.167261e-02        1
415 1.903159e-04        1
416 1.063774e-04        1
417 7.591963e-04        1
418 1.049154e-03        1
419 2.285211e-03        1
420 1.576999e-03        1
421 2.681053e-03        1
422 2.851196e-03        1
423 8.388567e-04        1
424 3.572501e-05        1
425 1.019476e-03        1
426 1.224813e-04        1
427 7.735357e-04        1
428 8.072302e-06        1
429 2.436991e-04        1
430 8.630960e-04        1
431 2.728208e-03        1
432 9.462283e-04        1
433 6.524666e-04        1
434 9.699304e-05        1
435 1.198650e-04        1
436 8.779159e-06        1
437 1.209936e-03        1
438 2.722199e-04        1
439 3.022936e-03        1
440 9.705063e-04        1
441 1.121459e-05        1
442 7.927492e-04        1
443 5.054733e-04        1
444 4.594166e-04        1
445 1.061765e-04        1
446 1.940683e-03        1

$`MR-PRESSO results`$`Distortion Test`
$`MR-PRESSO results`$`Distortion Test`$`Outliers Indices`
[1] 279 287

$`MR-PRESSO results`$`Distortion Test`$`Distortion Coefficient`
beta.exposure 
    -47.98712 

$`MR-PRESSO results`$`Distortion Test`$Pvalue
[1] 0.91296



