$`Main MR results`
       Exposure       MR Analysis Causal Estimate         Sd    T-stat
1 beta.exposure               Raw      0.02856993 0.02829574 1.0096901
2 beta.exposure Outlier-corrected      0.02053322 0.02636860 0.7786995
    P-value
1 0.3161715
2 0.4388581

$`MR-PRESSO results`
$`MR-PRESSO results`$`Global Test`
$`MR-PRESSO results`$`Global Test`$RSSobs
[1] 105.1019

$`MR-PRESSO results`$`Global Test`$Pvalue
[1] 0.0062


$`MR-PRESSO results`$`Outlier Test`
         RSSobs Pvalue
1  1.562515e-03      1
2  1.265641e-03      1
3  9.516714e-05      1
4  1.428398e-03      1
5  1.977053e-03      1
6  2.260352e-03      1
7  3.358143e-02  0.217
8  6.285330e-04      1
9  1.267614e-05      1
10 8.582044e-04      1
11 4.856396e-03      1
12 2.550660e-03      1
13 6.146044e-03      1
14 3.440259e-03      1
15 1.372000e-05      1
16 2.577230e-03      1
17 1.120289e-04      1
18 1.195678e-03      1
19 3.281641e-04      1
20 8.990429e-04      1
21 1.177142e-04      1
22 1.947160e-03      1
23 1.676753e-05      1
24 1.911487e-03      1
25 7.299256e-04      1
26 5.086909e-04      1
27 2.409843e-05      1
28 8.813535e-04      1
29 4.610379e-04      1
30 1.475819e-04      1
31 1.210908e-03      1
32 1.562622e-03      1
33 5.115724e-04      1
34 2.128246e-01 <0.007
35 2.095006e-02      1
36 9.472374e-03      1
37 1.533148e-03      1
38 2.978479e-04      1
39 3.810449e-03      1
40 1.704266e-03      1
41 2.731587e-03      1
42 1.572279e-03      1
43 2.929261e-04      1
44 2.675385e-04      1
45 2.367356e-04      1
46 5.599651e-03      1
47 7.290421e-04      1
48 7.202837e-04      1
49 8.786068e-04      1
50 1.981070e-04      1
51 8.563200e-04      1
52 7.047926e-04      1
53 1.926645e-04      1
54 2.521129e-06      1
55 7.170431e-04      1
56 8.512061e-04      1
57 2.521703e-04      1
58 4.686796e-04      1
59 1.225656e-03      1
60 3.545078e-03      1
61 2.236409e-04      1
62 4.686727e-03      1
63 4.156004e-03      1
64 3.828928e-03      1
65 1.605116e-03      1
66 2.879038e-04      1
67 4.190151e-04      1
68 6.774847e-04      1
69 1.598648e-07      1
70 2.478206e-05      1

$`MR-PRESSO results`$`Distortion Test`
$`MR-PRESSO results`$`Distortion Test`$`Outliers Indices`
[1] 34

$`MR-PRESSO results`$`Distortion Test`$`Distortion Coefficient`
beta.exposure 
     39.14003 

$`MR-PRESSO results`$`Distortion Test`$Pvalue
[1] 0.6878



