$`Main MR results`
       Exposure       MR Analysis Causal Estimate          Sd    T-stat
1 beta.exposure               Raw      0.00426171 0.008957544 0.4757676
2 beta.exposure Outlier-corrected              NA          NA        NA
    P-value
1 0.6345084
2        NA

$`MR-PRESSO results`
$`MR-PRESSO results`$`Global Test`
$`MR-PRESSO results`$`Global Test`$RSSobs
[1] 461.4759

$`MR-PRESSO results`$`Global Test`$Pvalue
[1] 0.00596


$`MR-PRESSO results`$`Outlier Test`
          RSSobs Pvalue
1   4.701011e-05      1
2   5.374196e-06      1
3   3.605459e-06      1
4   1.247025e-02  0.776
5   4.711507e-03      1
6   1.408977e-03      1
7   1.100974e-02      1
8   1.079809e-03      1
9   2.068971e-03      1
10  8.920003e-04      1
11  3.026554e-03      1
12  7.607160e-04      1
13  4.958651e-06      1
14  2.309275e-03      1
15  1.407358e-03      1
16  1.147544e-03      1
17  4.735063e-06      1
18  1.229767e-03      1
19  1.280294e-04      1
20  9.336057e-09      1
21  2.714948e-04      1
22  5.759374e-05      1
23  3.935770e-04      1
24  1.125977e-03      1
25  2.412147e-03      1
26  7.138391e-05      1
27  2.408740e-03      1
28  2.738857e-03      1
29  2.206307e-04      1
30  7.458504e-06      1
31  2.615876e-03      1
32  4.928362e-04      1
33  8.560746e-04      1
34  4.843486e-05      1
35  2.431891e-02      1
36  8.634295e-04      1
37  1.171108e-03      1
38  5.014324e-04      1
39  8.091275e-03      1
40  3.783098e-03      1
41  1.811357e-04      1
42  2.745758e-03      1
43  1.214642e-02      1
44  1.504286e-04      1
45  3.322547e-04      1
46  2.727905e-03      1
47  1.589907e-03      1
48  2.757190e-03      1
49  3.675534e-04      1
50  6.087309e-05      1
51  1.892970e-06      1
52  1.867575e-03      1
53  1.175663e-03      1
54  1.943872e-03      1
55  1.534728e-03      1
56  3.546951e-01      1
57  5.198285e-05      1
58  1.139409e-04      1
59  1.112945e-03      1
60  1.297919e-03      1
61  1.226553e-03      1
62  1.311979e-03      1
63  3.630250e-07      1
64  2.512400e-03      1
65  1.156815e-03      1
66  1.976643e-05      1
67  2.056727e-05      1
68  5.368062e-03      1
69  5.730375e-04      1
70  5.139846e-05      1
71  1.382124e-04      1
72  2.750250e-03      1
73  5.059538e-04      1
74  5.945162e-04      1
75  2.546680e-05      1
76  8.294154e-03      1
77  2.339352e-04      1
78  9.426038e-04      1
79  1.274307e-03      1
80  7.087821e-03      1
81  3.044982e-03      1
82  8.850664e-04      1
83  3.671443e-03      1
84  1.598246e-03      1
85  9.864841e-03      1
86  2.568230e-03      1
87  9.979962e-04      1
88  5.908345e-04      1
89  3.364070e-04      1
90  5.819745e-04      1
91  2.614996e-03      1
92  2.682596e-06      1
93  1.091886e-03      1
94  9.705861e-04      1
95  1.066809e-03      1
96  5.072191e-03      1
97  9.670420e-07      1
98  4.741497e-03      1
99  7.443657e-03      1
100 6.321526e-03      1
101 1.126949e-03      1
102 5.431164e-03      1
103 1.619046e-04      1
104 1.549027e-03      1
105 5.844187e-03      1
106 9.131755e-04      1
107 2.641680e-03      1
108 1.405287e-06      1
109 1.968147e-04      1
110 8.472274e-03      1
111 6.733337e-05      1
112 7.146872e-04      1
113 3.444671e-04      1
114 5.672839e-04      1
115 3.248837e-03      1
116 1.639642e-02      1
117 2.905643e-04      1
118 2.432481e-04      1
119 4.184114e-03      1
120 2.825385e-05      1
121 1.253624e-04      1
122 2.154439e-05      1
123 2.329123e-04      1
124 7.183761e-04      1
125 2.305634e-05      1
126 2.527062e-03      1
127 5.503169e-06      1
128 4.124921e-04      1
129 5.937901e-04      1
130 1.652307e-05      1
131 2.254177e-03      1
132 2.305056e-04      1
133 2.971570e-03      1
134 1.140195e-03      1
135 2.692326e-03      1
136 5.564488e-03      1
137 4.097106e-04      1
138 9.784233e-05      1
139 6.984773e-05      1
140 2.288559e-03      1
141 4.430989e-03      1
142 1.283154e-03      1
143 1.087606e-04      1
144 6.921134e-04      1
145 1.190283e-04      1
146 3.121821e-04      1
147 3.847850e-04      1
148 2.563248e-03      1
149 1.528627e-03      1
150 1.202501e-03      1
151 1.823501e-03      1
152 8.567407e-04      1
153 8.197311e-06      1
154 3.964035e-05      1
155 1.215158e-04      1
156 4.782633e-04      1
157 2.628437e-03      1
158 8.081085e-03      1
159 4.177565e-05      1
160 1.024596e-05      1
161 1.134219e-03      1
162 6.561918e-04      1
163 1.498147e-09      1
164 1.394503e-03      1
165 1.328648e-03      1
166 2.151030e-04      1
167 8.468102e-04      1
168 1.734250e-03      1
169 1.647036e-03      1
170 5.134493e-04      1
171 2.253548e-03      1
172 2.558073e-03      1
173 3.048011e-03      1
174 1.795415e-04      1
175 8.841457e-04      1
176 2.149313e-04      1
177 2.492147e-03      1
178 2.426902e-08      1
179 1.202265e-03      1
180 5.922612e-04      1
181 1.912493e-04      1
182 9.460022e-04      1
183 4.405065e-05      1
184 4.866650e-05      1
185 5.905355e-05      1
186 4.007353e-04      1
187 6.947119e-04      1
188 5.119750e-03      1
189 4.914678e-04      1
190 1.220517e-03      1
191 1.512922e-03      1
192 3.055508e-05      1
193 7.988145e-04      1
194 2.210952e-03      1
195 6.338705e-04      1
196 4.857644e-05      1
197 4.607494e-03      1
198 1.046380e-03      1
199 1.364054e-03      1
200 9.628373e-04      1
201 4.934491e-04      1
202 3.285848e-05      1
203 1.207276e-03      1
204 2.344700e-04      1
205 3.178607e-04      1
206 5.732094e-05      1
207 1.068036e-03      1
208 2.640943e-03      1
209 1.123397e-04      1
210 1.732251e-04      1
211 2.719215e-07      1
212 1.415950e-04      1
213 8.262709e-04      1
214 9.681116e-04      1
215 8.327411e-04      1
216 2.627937e-04      1
217 1.619301e-05      1
218 8.409366e-05      1
219 1.196326e-03      1
220 3.072791e-04      1
221 1.890272e-03      1
222 3.260030e-04      1
223 1.157976e-03      1
224 4.476261e-03      1
225 7.564966e-04      1
226 4.444222e-05      1
227 3.094615e-04      1
228 1.937067e-05      1
229 4.036163e-03      1
230 8.906811e-04      1
231 1.456284e-03      1
232 4.881491e-05      1
233 1.290271e-04      1
234 2.219414e-04      1
235 2.985336e-03      1
236 5.626292e-04      1
237 1.038908e-06      1
238 1.300363e-03      1
239 1.447588e-03      1
240 8.716438e-04      1
241 3.205641e-03      1
242 3.856219e-03      1
243 7.210581e-05      1
244 8.464275e-06      1
245 2.326139e-03      1
246 9.230613e-03      1
247 2.178557e-03      1
248 8.887883e-04      1
249 1.359539e-04      1
250 9.674039e-04      1
251 1.282898e-05      1
252 3.449682e-03      1
253 7.383270e-04      1
254 2.462542e-04      1
255 1.194685e-05      1
256 3.487514e-03      1
257 3.214347e-03      1
258 1.008146e-02      1
259 9.305672e-03      1
260 5.844943e-05      1
261 4.612213e-05      1
262 5.947522e-04      1
263 4.380766e-04      1
264 4.533590e-03      1
265 2.020693e-03      1
266 1.152245e-07      1
267 3.869285e-03      1
268 2.157650e-06      1
269 1.199018e-04      1
270 2.209037e-03      1
271 4.318792e-04      1
272 1.169185e-04      1
273 2.123562e-04      1
274 1.684800e-03      1
275 2.153387e-05      1
276 3.129654e-03      1
277 5.453633e-04      1
278 1.947748e-03      1
279 5.771915e-03      1
280 7.885689e-05      1
281 4.024861e-03      1
282 1.587376e-03      1
283 8.940856e-06      1
284 6.913708e-04      1
285 6.304154e-04      1
286 5.875847e-03      1
287 6.295385e-03      1
288 6.986045e-04      1
289 5.717933e-03      1
290 7.899447e-04      1
291 3.876558e-05      1
292 3.040003e-03      1
293 6.279908e-04      1
294 1.002191e-04      1
295 6.434264e-03      1
296 4.958470e-03      1
297 1.008751e-03      1
298 1.591455e-05      1
299 1.191211e-03      1
300 3.772150e-03      1
301 6.578113e-04      1
302 1.322498e-03      1
303 9.105999e-03      1
304 6.102164e-04      1
305 1.584090e-03      1
306 1.640968e-03      1
307 7.021107e-05      1
308 3.130249e-04      1
309 2.651112e-04      1
310 1.083331e-03      1
311 2.092499e-04      1
312 1.495267e-03      1
313 4.087888e-05      1
314 2.610863e-03      1
315 3.025844e-04      1
316 1.000723e-02      1
317 8.394591e-04      1
318 8.291106e-05      1
319 3.916011e-03      1
320 5.134055e-04      1
321 6.831445e-03      1
322 1.779335e-03      1
323 6.966513e-03      1
324 9.756585e-04      1
325 2.491457e-04      1
326 1.365454e-03      1
327 1.800567e-03      1
328 5.787316e-03      1
329 7.352160e-04      1
330 1.548571e-03      1
331 3.082979e-03      1
332 1.294021e-03      1
333 7.094892e-04      1
334 6.340478e-03      1
335 3.090876e-05      1
336 8.729778e-05      1
337 1.143959e-03      1
338 6.276162e-03      1
339 6.474158e-05      1
340 3.365648e-05      1
341 2.231642e-04      1
342 8.671133e-05      1
343 1.554299e-03      1
344 1.482131e-03      1
345 1.728742e-01      1
346 4.303420e-04      1
347 1.483128e-03      1
348 9.899314e-03      1
349 1.645087e-03      1
350 4.690998e-03      1
351 1.271709e-04      1
352 2.035871e-03      1
353 1.233814e-03      1
354 2.708943e-04      1
355 8.658804e-04      1
356 2.182133e-03      1
357 1.232186e-03      1
358 3.442548e-05      1
359 1.540491e-03      1
360 8.428014e-07      1
361 1.439041e-05      1
362 1.894951e-03      1
363 1.384457e-03      1
364 9.873669e-06      1
365 2.154862e-04      1
366 2.353679e-06      1
367 1.191295e-05      1
368 3.991036e-05      1
369 1.402864e-03      1
370 3.190929e-03      1
371 1.121860e-03      1
372 1.491919e-03      1
373 6.115764e-04      1
374 1.107639e-03      1
375 9.983476e-04      1
376 1.403402e-06      1
377 7.915917e-05      1
378 2.285299e-05      1
379 2.184716e-04      1
380 1.053079e-04      1
381 9.727726e-06      1
382 1.232747e-03      1
383 3.944697e-05      1
384 4.321546e-04      1
385 1.033113e-06      1
386 2.764908e-04      1
387 5.995963e-05      1
388 2.303344e-05      1

$`MR-PRESSO results`$`Distortion Test`
$`MR-PRESSO results`$`Distortion Test`$`Outliers Indices`
[1] "No significant outliers"

$`MR-PRESSO results`$`Distortion Test`$`Distortion Coefficient`
[1] NA

$`MR-PRESSO results`$`Distortion Test`$Pvalue
[1] NA



