$`Main MR results`
       Exposure       MR Analysis Causal Estimate        Sd    T-stat
1 beta.exposure               Raw      -0.4887008 0.1424299 -3.431167
2 beta.exposure Outlier-corrected              NA        NA        NA
       P-value
1 0.0006847529
2           NA

$`MR-PRESSO results`
$`MR-PRESSO results`$`Global Test`
$`MR-PRESSO results`$`Global Test`$RSSobs
[1] 359.7529

$`MR-PRESSO results`$`Global Test`$Pvalue
[1] 0.01536


$`MR-PRESSO results`$`Outlier Test`
          RSSobs  Pvalue
1   8.102146e-04       1
2   1.506693e-03       1
3   7.773097e-03 0.08484
4   7.888711e-06       1
5   2.832681e-05       1
6   1.652073e-03       1
7   8.539597e-04       1
8   3.908302e-05       1
9   6.013903e-04       1
10  3.034706e-03       1
11  3.251979e-04       1
12  5.907327e-03       1
13  3.958407e-04       1
14  7.757730e-04       1
15  1.695709e-03       1
16  1.158351e-04       1
17  5.092691e-04       1
18  1.417835e-04       1
19  1.324639e-03       1
20  1.778205e-04       1
21  3.875492e-04       1
22  1.125219e-05       1
23  8.715482e-06       1
24  8.632954e-04       1
25  1.411895e-03       1
26  7.090432e-07       1
27  3.599202e-04       1
28  1.700892e-05       1
29  1.075414e-03       1
30  2.681615e-04       1
31  5.110076e-03       1
32  8.117512e-05       1
33  4.612007e-04       1
34  5.845304e-03       1
35  4.941145e-03       1
36  1.777738e-04       1
37  2.547207e-03       1
38  1.370080e-03       1
39  1.351423e-04       1
40  1.064806e-04       1
41  2.745356e-03       1
42  1.651405e-03       1
43  3.801671e-04       1
44  5.997982e-07       1
45  1.453064e-03       1
46  4.032823e-05       1
47  2.404346e-04       1
48  1.716706e-05       1
49  1.015846e-02       1
50  3.693633e-04       1
51  2.588214e-04       1
52  8.405191e-04       1
53  3.387727e-07       1
54  6.017967e-06       1
55  3.301381e-04       1
56  4.249945e-07       1
57  7.617640e-04       1
58  1.303529e-04       1
59  1.432169e-03       1
60  2.221781e-03       1
61  1.687182e-02       1
62  2.027490e-03       1
63  1.381433e-04       1
64  2.087667e-03       1
65  1.410551e-03       1
66  2.237354e-04       1
67  7.466650e-06       1
68  1.073180e-04       1
69  3.189142e-04       1
70  1.273010e-03       1
71  2.023405e-04       1
72  2.732791e-03       1
73  1.324379e-03       1
74  7.237872e-04       1
75  1.154989e-04       1
76  5.285012e-03       1
77  1.423224e-03       1
78  4.632819e-04       1
79  5.051098e-07       1
80  2.594511e-03       1
81  2.091497e-04       1
82  2.496550e-04       1
83  6.318726e-03       1
84  2.521910e-04       1
85  7.714357e-04       1
86  5.769320e-05       1
87  1.791021e-03       1
88  3.457610e-04       1
89  1.443138e-03       1
90  9.794885e-04       1
91  7.689426e-06       1
92  1.680982e-04       1
93  3.936682e-04       1
94  1.149712e-03       1
95  1.010199e-04       1
96  3.674080e-04       1
97  8.916643e-05       1
98  4.111529e-04       1
99  8.433639e-04       1
100 3.435243e-04       1
101 9.531276e-04       1
102 2.133695e-05       1
103 8.893484e-04       1
104 6.711698e-05       1
105 2.538228e-04       1
106 4.070879e-05       1
107 8.291139e-04       1
108 1.197355e-05       1
109 3.278573e-03       1
110 5.690512e-04       1
111 5.861573e-03       1
112 2.061977e-03       1
113 7.965034e-05       1
114 2.214848e-04       1
115 4.307889e-05       1
116 4.664728e-03       1
117 7.449613e-03 0.07272
118 2.864579e-05       1
119 9.487889e-04       1
120 5.978731e-04       1
121 2.331981e-04       1
122 1.834007e-04       1
123 3.269527e-03       1
124 3.634771e-04       1
125 2.040029e-03       1
126 1.247363e-03       1
127 8.021398e-03       1
128 4.150615e-03       1
129 3.610251e-03       1
130 4.744829e-04       1
131 8.528894e-04       1
132 4.974355e-04       1
133 5.138279e-04       1
134 1.113732e-05       1
135 1.770942e-03       1
136 1.755431e-05       1
137 5.367977e-05       1
138 4.263254e-05       1
139 5.823429e-05       1
140 4.127298e-04       1
141 9.144435e-06       1
142 2.161483e-04       1
143 8.524586e-03 0.93324
144 4.008429e-04       1
145 6.153151e-04       1
146 2.297831e-03       1
147 8.817376e-03       1
148 1.148224e-04       1
149 1.567918e-03       1
150 1.543351e-05       1
151 1.058810e-05       1
152 5.388494e-04       1
153 4.817877e-04       1
154 3.178787e-04       1
155 1.213065e-03       1
156 1.094667e-03       1
157 1.714638e-03       1
158 4.704892e-05       1
159 3.465584e-04       1
160 2.995766e-06       1
161 8.505413e-05       1
162 3.660731e-04       1
163 8.576966e-06       1
164 2.311651e-03       1
165 2.242417e-03       1
166 1.094629e-03       1
167 2.387389e-05       1
168 9.500293e-04       1
169 1.744969e-04       1
170 1.731128e-05       1
171 9.106421e-06       1
172 1.427572e-04       1
173 6.707043e-04       1
174 9.147889e-04       1
175 7.372140e-05       1
176 3.276053e-04       1
177 4.254997e-06       1
178 5.032191e-03       1
179 2.559064e-04       1
180 2.925643e-03       1
181 1.543410e-04       1
182 5.493193e-04       1
183 1.488452e-03       1
184 1.120597e-03       1
185 6.911375e-06       1
186 6.376950e-04       1
187 4.868053e-03       1
188 1.583199e-03       1
189 4.247567e-03       1
190 9.403687e-05       1
191 1.198905e-03       1
192 1.597209e-03       1
193 1.282564e-05       1
194 4.119014e-03       1
195 3.651882e-05       1
196 1.665033e-03       1
197 3.785932e-04       1
198 3.859484e-05       1
199 5.535578e-04       1
200 5.330547e-09       1
201 1.408590e-04       1
202 9.454621e-05       1
203 4.013504e-04       1
204 1.754334e-03       1
205 1.514017e-05       1
206 1.241843e-04       1
207 4.283842e-03       1
208 9.614208e-04       1
209 2.929169e-03       1
210 9.129836e-04       1
211 2.375768e-05       1
212 1.315087e-04       1
213 1.058532e-03       1
214 1.172496e-04       1
215 4.103050e-06       1
216 1.160726e-03       1
217 1.178681e-03       1
218 7.045113e-05       1
219 2.167941e-03       1
220 1.017734e-04       1
221 5.591549e-05       1
222 4.642497e-05       1
223 3.345844e-03       1
224 4.840265e-04       1
225 7.655949e-05       1
226 3.834073e-03       1
227 1.533190e-05       1
228 4.928362e-04       1
229 3.673145e-04       1
230 3.503717e-04       1
231 2.807888e-04       1
232 5.812627e-04       1
233 3.866919e-03       1
234 6.168994e-04       1
235 5.770165e-05       1
236 6.966626e-04       1
237 1.606720e-04       1
238 6.267824e-04       1
239 1.049817e-06       1
240 1.964550e-03       1
241 1.447970e-03       1
242 3.762111e-03       1
243 1.180087e-03       1
244 3.971785e-05       1
245 6.176863e-03       1
246 6.122818e-05       1
247 8.009396e-04       1
248 3.016909e-03       1
249 1.011576e-02       1
250 1.374250e-03       1
251 3.482523e-03       1
252 9.130621e-05       1
253 7.395341e-03       1
254 3.388315e-03       1
255 1.736431e-02       1
256 3.211030e-03       1
257 1.987783e-03       1
258 1.203064e-03       1
259 1.162782e-05       1
260 7.147214e-04       1
261 6.266435e-04       1
262 1.502440e-03       1
263 1.372635e-03       1
264 1.381524e-03       1
265 4.338758e-03       1
266 1.185232e-04       1
267 1.140910e-03       1
268 4.635367e-04       1
269 6.525045e-03       1
270 4.660293e-04       1
271 7.384613e-04       1
272 4.496251e-03       1
273 3.891463e-03       1
274 3.437660e-05       1
275 3.293579e-05       1
276 9.031281e-04       1
277 1.591268e-03       1
278 2.583000e-04       1
279 2.329638e-04       1
280 3.345468e-03       1
281 2.215241e-03       1
282 1.605425e-04       1
283 2.012035e-03       1
284 1.776247e-03       1
285 9.185304e-04       1
286 3.081507e-03       1
287 2.206817e-03       1
288 6.582421e-05       1
289 1.004735e-03       1
290 3.239577e-04       1
291 8.212628e-07       1
292 2.353335e-05       1
293 2.956274e-03       1
294 1.305691e-03       1
295 1.085239e-04       1
296 6.299743e-04       1
297 3.361778e-05       1
298 1.302068e-04       1
299 4.085599e-04       1
300 4.755101e-06       1
301 1.782747e-03       1
302 3.988619e-04       1
303 1.269780e-03       1

$`MR-PRESSO results`$`Distortion Test`
$`MR-PRESSO results`$`Distortion Test`$`Outliers Indices`
[1] "No significant outliers"

$`MR-PRESSO results`$`Distortion Test`$`Distortion Coefficient`
[1] NA

$`MR-PRESSO results`$`Distortion Test`$Pvalue
[1] NA



