$`Main MR results`
       Exposure       MR Analysis Causal Estimate         Sd     T-stat
1 beta.exposure               Raw     -0.02160729 0.06005843 -0.3597711
2 beta.exposure Outlier-corrected     -0.04291264 0.05000632 -0.8581445
    P-value
1 0.7200032
2 0.3935469

$`MR-PRESSO results`
$`MR-PRESSO results`$`Global Test`
$`MR-PRESSO results`$`Global Test`$RSSobs
[1] 149.9725

$`MR-PRESSO results`$`Global Test`$Pvalue
[1] "<1e-04"


$`MR-PRESSO results`$`Outlier Test`
         RSSobs  Pvalue
1  1.357813e-03       1
2  9.226270e-04       1
3  5.925606e-04       1
4  4.534195e-03       1
5  3.325872e-05       1
6  1.972367e-03       1
7  6.588310e-03       1
8  1.721564e-03       1
9  3.325809e-05       1
10 2.526717e-04       1
11 5.732345e-04       1
12 1.714915e-04       1
13 5.309446e-04       1
14 9.823263e-05       1
15 9.289669e-06       1
16 4.246600e-04       1
17 3.840705e-05       1
18 5.381142e-04       1
19 1.282523e-04       1
20 7.043573e-03  0.2574
21 2.868079e-02       1
22 4.844949e-04       1
23 2.283058e-04       1
24 1.461833e-04       1
25 3.144899e-03       1
26 1.067988e-03       1
27 1.555363e-04       1
28 1.926912e-04       1
29 3.722135e-04       1
30 5.630639e-05       1
31 3.443909e-04       1
32 5.165551e-06       1
33 1.140928e-03       1
34 2.557957e-05       1
35 1.232202e-04       1
36 2.641881e-03       1
37 8.290568e-05       1
38 9.580528e-05       1
39 1.979758e-05       1
40 1.378120e-04       1
41 4.655651e-04       1
42 8.536746e-04       1
43 6.340431e-05       1
44 3.014275e-03       1
45 5.206920e-04       1
46 2.990919e-03       1
47 9.806325e-06       1
48 9.535576e-06       1
49 1.485119e-03       1
50 2.295779e-04       1
51 4.009909e-05       1
52 6.313553e-03  0.1638
53 3.460645e-04       1
54 3.665692e-04       1
55 7.309275e-03       1
56 1.775725e-02 <0.0078
57 7.996283e-09       1
58 5.230688e-05       1
59 3.138460e-04       1
60 5.064360e-06       1
61 2.304868e-03       1
62 9.955846e-06       1
63 5.441152e-05       1
64 6.137611e-03 <0.0078
65 1.157232e-04       1
66 8.497952e-05       1
67 1.491213e-03       1
68 7.758613e-04       1
69 3.418554e-04       1
70 2.997429e-03       1
71 7.326706e-06       1
72 8.875005e-03       1
73 8.197709e-04       1
74 9.515969e-04       1
75 1.074920e-04       1
76 8.149754e-04       1
77 3.884311e-04       1
78 2.432665e-03       1

$`MR-PRESSO results`$`Distortion Test`
$`MR-PRESSO results`$`Distortion Test`$`Outliers Indices`
[1] 56 64

$`MR-PRESSO results`$`Distortion Test`$`Distortion Coefficient`
beta.exposure 
      49.6482 

$`MR-PRESSO results`$`Distortion Test`$Pvalue
[1] 0.7214



