$`Main MR results`
       Exposure       MR Analysis Causal Estimate        Sd    T-stat
1 beta.exposure               Raw      -0.6272141 0.2596485 -2.415628
2 beta.exposure Outlier-corrected      -0.7455624 0.2221363 -3.356328
      P-value
1 0.018321502
2 0.001304696

$`MR-PRESSO results`
$`MR-PRESSO results`$`Global Test`
$`MR-PRESSO results`$`Global Test`$RSSobs
[1] 132.5003

$`MR-PRESSO results`$`Global Test`$Pvalue
[1] "<1e-04"


$`MR-PRESSO results`$`Outlier Test`
         RSSobs Pvalue
1  2.753764e-04      1
2  1.072032e-02 0.0355
3  1.093514e-04      1
4  7.761152e-04      1
5  2.034090e-04      1
6  2.786368e-04      1
7  1.652454e-03      1
8  7.733102e-05      1
9  2.077816e-03      1
10 9.562138e-07      1
11 6.772592e-05      1
12 6.327601e-03 0.1988
13 9.852443e-06      1
14 2.722398e-03      1
15 1.037412e-03      1
16 2.701960e-04      1
17 2.128598e-04      1
18 1.975621e-03      1
19 1.072871e-03      1
20 4.514464e-04      1
21 5.658956e-03 0.1491
22 8.216675e-06      1
23 1.389092e-03      1
24 4.386608e-03      1
25 2.090364e-06      1
26 4.967689e-04      1
27 9.438227e-04      1
28 7.000198e-05      1
29 3.153921e-04      1
30 3.907293e-05      1
31 8.272593e-04      1
32 1.720962e-03      1
33 2.298588e-04      1
34 6.257927e-04      1
35 8.896164e-04      1
36 4.300438e-04      1
37 1.023837e-03      1
38 1.470300e-05      1
39 4.069673e-04      1
40 1.202735e-03      1
41 6.808582e-06      1
42 5.434430e-05      1
43 3.353250e-04      1
44 1.411706e-03      1
45 1.000748e-03      1
46 1.564712e-03      1
47 6.110546e-06      1
48 6.110395e-04      1
49 1.440626e-02 0.0142
50 2.712274e-03      1
51 2.091438e-03      1
52 9.557587e-04      1
53 1.674461e-05      1
54 3.133248e-04      1
55 2.879054e-03      1
56 5.818719e-03 0.9798
57 4.049803e-06      1
58 3.944386e-03      1
59 2.341599e-04      1
60 4.747981e-03      1
61 1.012471e-02 0.0071
62 5.432786e-05      1
63 2.197173e-04      1
64 1.859761e-04      1
65 2.745666e-05      1
66 2.648097e-04      1
67 2.279455e-03      1
68 2.709197e-04      1
69 1.934503e-03      1
70 1.873619e-03      1
71 1.281674e-06      1

$`MR-PRESSO results`$`Distortion Test`
$`MR-PRESSO results`$`Distortion Test`$`Outliers Indices`
[1]  2 49 61

$`MR-PRESSO results`$`Distortion Test`$`Distortion Coefficient`
beta.exposure 
     15.87369 

$`MR-PRESSO results`$`Distortion Test`$Pvalue
[1] 0.6567



