$`Main MR results`
       Exposure       MR Analysis Causal Estimate        Sd   T-stat    P-value
1 beta.exposure               Raw        1.703453 0.9373325 1.817341 0.07281776
2 beta.exposure Outlier-corrected        2.066981 0.9025642 2.290121 0.02461538

$`MR-PRESSO results`
$`MR-PRESSO results`$`Global Test`
$`MR-PRESSO results`$`Global Test`$RSSobs
[1] 121.9664

$`MR-PRESSO results`$`Global Test`$Pvalue
[1] 0.0054


$`MR-PRESSO results`$`Outlier Test`
         RSSobs Pvalue
1  2.464558e-04      1
2  4.514306e-05      1
3  4.407463e-02      1
4  2.469330e-03      1
5  8.211746e-03      1
6  5.045010e-02 0.2158
7  1.661715e-02      1
8  1.145820e-03      1
9  4.273789e-04      1
10 1.281106e-02      1
11 9.455792e-04      1
12 7.632862e-04      1
13 2.801213e-04      1
14 1.303968e-02      1
15 1.511039e-02      1
16 1.125219e-03      1
17 5.770328e-03      1
18 1.989003e-02      1
19 2.868217e-03      1
20 4.951856e-03      1
21 2.113836e-02      1
22 3.424538e-04      1
23 5.858720e-04      1
24 2.361012e-02      1
25 6.987062e-03      1
26 1.750728e-03      1
27 4.000016e-02 0.8217
28 3.563500e-03      1
29 8.638602e-04      1
30 9.355848e-06      1
31 1.917018e-04      1
32 3.187887e-02      1
33 3.184598e-03      1
34 2.477948e-03      1
35 1.735358e-03      1
36 6.350865e-03      1
37 7.363314e-03      1
38 8.536979e-03      1
39 4.479797e-03      1
40 1.409118e-02      1
41 1.494753e-02      1
42 1.697442e-02      1
43 9.799358e-04      1
44 1.132481e-02      1
45 4.924146e-04      1
46 2.203127e-03      1
47 2.229725e-02      1
48 1.374604e-02      1
49 1.860862e-02      1
50 1.008072e-02      1
51 1.807266e-04      1
52 4.873452e-02      1
53 1.227945e-04      1
54 2.385249e-03      1
55 2.463650e-03      1
56 1.961770e-04      1
57 1.661345e-02      1
58 8.771273e-04      1
59 2.437446e-03      1
60 5.835791e-09      1
61 8.051414e-03      1
62 3.848490e-03      1
63 6.857085e-03      1
64 2.392238e-04      1
65 2.757240e-04      1
66 1.602735e-02      1
67 1.027384e-01 0.0166
68 1.800048e-05      1
69 1.653615e-05      1
70 2.911911e-02      1
71 6.133028e-05      1
72 4.502592e-04      1
73 9.076705e-04      1
74 1.895016e-02      1
75 7.309133e-03      1
76 7.859384e-05      1
77 1.608194e-04      1
78 1.656316e-02      1
79 6.385595e-04      1
80 1.120154e-03      1
81 2.523107e-02      1
82 5.210103e-02 0.4399
83 5.427946e-04      1

$`MR-PRESSO results`$`Distortion Test`
$`MR-PRESSO results`$`Distortion Test`$`Outliers Indices`
[1] 67

$`MR-PRESSO results`$`Distortion Test`$`Distortion Coefficient`
beta.exposure 
    -17.58738 

$`MR-PRESSO results`$`Distortion Test`$Pvalue
[1] 0.7145



