$`Main MR results`
       Exposure       MR Analysis Causal Estimate          Sd    T-stat
1 beta.exposure               Raw     0.001389810 0.004349981 0.3194979
2 beta.exposure Outlier-corrected     0.003049569 0.004240164 0.7192102
    P-value
1 0.7495024
2 0.4723994

$`MR-PRESSO results`
$`MR-PRESSO results`$`Global Test`
$`MR-PRESSO results`$`Global Test`$RSSobs
[1] 492.0544

$`MR-PRESSO results`$`Global Test`$Pvalue
[1] 0.0352


$`MR-PRESSO results`$`Outlier Test`
          RSSobs  Pvalue
1   1.174073e-04       1
2   8.766744e-04       1
3   1.348704e-04       1
4   1.790326e-07       1
5   5.060594e-04       1
6   7.434243e-04       1
7   1.340103e-04       1
8   2.226069e-04       1
9   1.010956e-03       1
10  2.463726e-05       1
11  5.395114e-04       1
12  3.311458e-04       1
13  1.257363e-03       1
14  2.005227e-05       1
15  3.104425e-05       1
16  6.619758e-05       1
17  2.036669e-07       1
18  1.034484e-03       1
19  1.933639e-04       1
20  2.036924e-05       1
21  3.300305e-03       1
22  3.477783e-05       1
23  1.626887e-04       1
24  1.786659e-04       1
25  6.701177e-04       1
26  1.285374e-04       1
27  1.002447e-04       1
28  2.693681e-04       1
29  3.521122e-03       1
30  3.022199e-03       1
31  1.996200e-03       1
32  1.519061e-03       1
33  2.818600e-04       1
34  4.298955e-04       1
35  2.396914e-04       1
36  6.439310e-04       1
37  1.573650e-04       1
38  1.225185e-03       1
39  5.926383e-06       1
40  1.363979e-04       1
41  5.697083e-06       1
42  7.889904e-04       1
43  3.598378e-04       1
44  1.601956e-04       1
45  1.158004e-03       1
46  3.743823e-04       1
47  1.504118e-04       1
48  5.897747e-03       1
49  3.753849e-05       1
50  2.806432e-04       1
51  8.509649e-07       1
52  3.127436e-04       1
53  7.487041e-04       1
54  3.328248e-05       1
55  2.516269e-03       1
56  2.436248e-03       1
57  4.018169e-04       1
58  9.670303e-04       1
59  4.360990e-04       1
60  7.193494e-04       1
61  3.384395e-05       1
62  6.879820e-04       1
63  2.112175e-03       1
64  5.737472e-04       1
65  9.059315e-04       1
66  1.163138e-03       1
67  1.165192e-03       1
68  3.303092e-04       1
69  1.015232e-03       1
70  3.135050e-05       1
71  8.804665e-04       1
72  1.696865e-03       1
73  4.760616e-04       1
74  1.772964e-04       1
75  5.471831e-04       1
76  1.042289e-05       1
77  3.997404e-03       1
78  8.387393e-05       1
79  2.717210e-04       1
80  8.622184e-04       1
81  2.576407e-04       1
82  1.127853e-04       1
83  1.500994e-03       1
84  1.580951e-03       1
85  1.835888e-03       1
86  8.396164e-04       1
87  1.756758e-05       1
88  1.033359e-03       1
89  1.119363e-03       1
90  8.733655e-04       1
91  8.693580e-04       1
92  3.336389e-04       1
93  2.344222e-06       1
94  3.503573e-04       1
95  1.017535e-04       1
96  1.426321e-05       1
97  4.378974e-04       1
98  2.426890e-04       1
99  7.400145e-03       1
100 3.980773e-04       1
101 1.923888e-07       1
102 2.137414e-04       1
103 1.149181e-04       1
104 2.175936e-05       1
105 8.521084e-05       1
106 2.720766e-05       1
107 1.903383e-04       1
108 7.873634e-05       1
109 1.545331e-04       1
110 1.030237e-04       1
111 3.062006e-03       1
112 3.312015e-04       1
113 5.990020e-04       1
114 1.163515e-04       1
115 4.875571e-03       1
116 1.954300e-03       1
117 1.415512e-03       1
118 6.950658e-04       1
119 3.163145e-05       1
120 2.796601e-05       1
121 3.827602e-03       1
122 8.706599e-05       1
123 1.723891e-03       1
124 2.895816e-04       1
125 1.380394e-03       1
126 1.642214e-07       1
127 7.373044e-06       1
128 6.389446e-04       1
129 8.036275e-04       1
130 2.741543e-03       1
131 3.177932e-03       1
132 1.616237e-03       1
133 2.762412e-04       1
134 5.624384e-03       1
135 2.196222e-03       1
136 4.572383e-04       1
137 1.458658e-04       1
138 4.757380e-04       1
139 1.914354e-03       1
140 4.758685e-06       1
141 1.734885e-04       1
142 3.845242e-03       1
143 1.922794e-03       1
144 1.269079e-04       1
145 6.742259e-05       1
146 8.168186e-05       1
147 1.442929e-05       1
148 2.236217e-03       1
149 4.028254e-04       1
150 3.843797e-03       1
151 4.465915e-04       1
152 4.877890e-06       1
153 1.201344e-03       1
154 5.324942e-05       1
155 1.460096e-05       1
156 1.351537e-05       1
157 1.674130e-03       1
158 7.229064e-05       1
159 1.106092e-03       1
160 2.240126e-03       1
161 1.791083e-03       1
162 6.176520e-06       1
163 2.060815e-04       1
164 1.338143e-03       1
165 1.683895e-04       1
166 3.329667e-05       1
167 5.636825e-04       1
168 8.050413e-04       1
169 6.250358e-04       1
170 2.061883e-04       1
171 5.760858e-03       1
172 3.654675e-04       1
173 1.313220e-04       1
174 1.555208e-04       1
175 1.070034e-06       1
176 1.077101e-03       1
177 7.248720e-05       1
178 9.442098e-04       1
179 4.731601e-04       1
180 7.646725e-04       1
181 1.259226e-04       1
182 1.567663e-03       1
183 1.565601e-03       1
184 5.200214e-04       1
185 9.198342e-04       1
186 2.693690e-04       1
187 1.446630e-04       1
188 4.319140e-04       1
189 3.141479e-03       1
190 9.534858e-05       1
191 2.049791e-04       1
192 8.169155e-05       1
193 2.619701e-06       1
194 2.649888e-05       1
195 1.979047e-03       1
196 1.342099e-06       1
197 1.571243e-03       1
198 4.100620e-05       1
199 4.328112e-04       1
200 1.658008e-05       1
201 3.953456e-04       1
202 2.665359e-05       1
203 4.777475e-04       1
204 4.915793e-04       1
205 5.261013e-04       1
206 1.569826e-03       1
207 1.171321e-03       1
208 6.038214e-05       1
209 9.016614e-04       1
210 3.894080e-03       1
211 3.227666e-03       1
212 6.705612e-04       1
213 3.252187e-04       1
214 1.216866e-03       1
215 1.832077e-03       1
216 1.677042e-03       1
217 1.897675e-03       1
218 5.137563e-04       1
219 1.094707e-03       1
220 1.491747e-03       1
221 9.351196e-04       1
222 9.183161e-04       1
223 7.938433e-04       1
224 2.107561e-03       1
225 1.918077e-03       1
226 3.011421e-04       1
227 8.682891e-04       1
228 3.491293e-04       1
229 2.513972e-04       1
230 2.463108e-03       1
231 6.390823e-05       1
232 6.893043e-04       1
233 1.982906e-04       1
234 8.515427e-05       1
235 1.467258e-04       1
236 7.529986e-04       1
237 2.001361e-04       1
238 1.232148e-05       1
239 1.667011e-03       1
240 2.319844e-04       1
241 4.468798e-04       1
242 3.198668e-04       1
243 2.526341e-04       1
244 4.161248e-04       1
245 7.329719e-05       1
246 8.840857e-07       1
247 1.462620e-03       1
248 6.046142e-04       1
249 7.783119e-04       1
250 3.174162e-04       1
251 1.222914e-03       1
252 8.999705e-04       1
253 1.456238e-03       1
254 6.304961e-03 0.03488
255 1.374872e-03       1
256 6.083181e-04       1
257 1.797499e-04       1
258 9.404092e-05       1
259 1.879607e-03       1
260 2.292030e-04       1
261 1.943005e-04       1
262 1.040030e-03       1
263 4.506586e-04       1
264 9.096409e-05       1
265 6.270815e-04       1
266 2.150668e-04       1
267 2.897622e-04       1
268 1.395637e-03       1
269 9.802979e-04       1
270 4.477244e-04       1
271 4.638920e-04       1
272 7.276366e-04       1
273 3.473291e-03       1
274 1.330066e-04       1
275 2.196637e-05       1
276 5.128159e-04       1
277 6.705217e-05       1
278 2.118452e-04       1
279 6.243124e-04       1
280 4.751621e-04       1
281 9.694882e-05       1
282 3.242792e-04       1
283 1.914109e-03       1
284 3.095920e-04       1
285 5.417701e-05       1
286 4.214727e-03       1
287 6.173161e-03       1
288 1.396367e-04       1
289 2.406871e-04       1
290 1.851216e-04       1
291 7.545629e-03       1
292 6.003941e-04       1
293 4.480312e-05       1
294 1.413400e-03       1
295 4.343787e-03       1
296 3.357673e-04       1
297 3.174186e-05       1
298 2.289854e-05       1
299 1.944479e-04       1
300 8.766902e-04       1
301 3.087519e-06       1
302 5.386819e-04       1
303 2.991132e-04       1
304 4.423432e-04       1
305 1.498932e-04       1
306 5.757821e-03       1
307 2.167106e-03       1
308 4.184678e-04       1
309 3.413360e-04       1
310 1.162800e-04       1
311 2.440473e-05       1
312 6.845761e-04       1
313 4.065973e-04       1
314 4.892004e-05       1
315 7.268738e-05       1
316 1.356653e-03       1
317 1.798548e-06       1
318 2.836123e-05       1
319 1.029596e-04       1
320 4.914350e-05       1
321 6.322709e-05       1
322 3.084920e-05       1
323 1.284064e-07       1
324 1.322064e-03       1
325 1.373832e-03       1
326 2.588875e-05       1
327 3.325441e-04       1
328 8.304106e-05       1
329 4.620776e-04       1
330 1.140436e-04       1
331 1.316585e-03       1
332 5.978612e-05       1
333 1.111797e-02       1
334 1.512151e-04       1
335 1.057199e-03       1
336 2.621676e-06       1
337 1.556576e-06       1
338 5.449366e-04       1
339 2.431546e-03       1
340 2.164485e-04       1
341 7.797658e-04       1
342 9.018352e-05       1
343 3.834029e-05       1
344 6.697080e-03       1
345 4.783965e-04       1
346 4.078778e-04       1
347 1.784947e-03       1
348 3.461465e-03       1
349 9.439568e-04       1
350 7.756369e-05       1
351 2.972741e-04       1
352 2.910467e-04       1
353 5.593590e-06       1
354 1.182912e-03       1
355 1.731330e-03       1
356 7.134115e-03       1
357 1.630112e-03       1
358 1.335893e-03       1
359 1.629813e-03       1
360 1.708092e-03       1
361 3.342248e-04       1
362 1.288805e-05       1
363 7.360207e-06       1
364 1.454068e-03       1
365 1.247874e-03       1
366 8.824180e-06       1
367 1.735483e-03       1
368 1.258959e-04       1
369 2.318805e-05       1
370 5.704251e-04       1
371 3.302004e-04       1
372 4.472840e-04       1
373 2.425735e-05       1
374 3.067088e-03       1
375 7.350482e-04       1
376 2.881690e-04       1
377 6.010541e-06       1
378 1.374465e-04       1
379 6.048287e-04       1
380 7.092878e-04       1
381 1.164705e-03       1
382 9.032789e-04       1
383 1.581646e-04       1
384 4.943954e-04       1
385 1.623502e-03       1
386 7.126953e-04       1
387 1.667366e-04       1
388 2.087123e-03       1
389 5.311278e-03       1
390 2.146502e-04       1
391 1.932080e-06       1
392 3.774625e-06       1
393 1.941653e-05       1
394 6.465569e-05       1
395 3.853728e-04       1
396 1.104833e-02 0.01744
397 1.411345e-06       1
398 1.325031e-02       1
399 4.078655e-05       1
400 4.128669e-04       1
401 2.701239e-04       1
402 6.457657e-05       1
403 2.035719e-04       1
404 1.579456e-04       1
405 4.533291e-04       1
406 1.411437e-05       1
407 1.613614e-05       1
408 1.415938e-04       1
409 3.290331e-04       1
410 1.434394e-03       1
411 1.282617e-03       1
412 7.837769e-04       1
413 4.125653e-04       1
414 1.066586e-04       1
415 3.963940e-04       1
416 1.975251e-05       1
417 5.618676e-08       1
418 2.137106e-04       1
419 5.783988e-04       1
420 5.201142e-04       1
421 1.065764e-03       1
422 3.890097e-06       1
423 1.942337e-05       1
424 6.538480e-05       1
425 5.095982e-05       1
426 7.718160e-04       1
427 1.099256e-04       1
428 4.108226e-04       1
429 2.837264e-03       1
430 6.624894e-04       1
431 6.611546e-05       1
432 1.939194e-06       1
433 2.433324e-03       1
434 3.406261e-03       1
435 1.295097e-04       1
436 1.189062e-05       1

$`MR-PRESSO results`$`Distortion Test`
$`MR-PRESSO results`$`Distortion Test`$`Outliers Indices`
[1] 254 396

$`MR-PRESSO results`$`Distortion Test`$`Distortion Coefficient`
beta.exposure 
    -54.42603 

$`MR-PRESSO results`$`Distortion Test`$Pvalue
[1] 0.79416



