$`Main MR results`
       Exposure       MR Analysis Causal Estimate         Sd    T-stat
1 beta.exposure               Raw     -0.03961958 0.05370886 -0.737673
2 beta.exposure Outlier-corrected     -0.06568319 0.04912097 -1.337172
    P-value
1 0.4629553
2 0.1851550

$`MR-PRESSO results`
$`MR-PRESSO results`$`Global Test`
$`MR-PRESSO results`$`Global Test`$RSSobs
[1] 110.4057

$`MR-PRESSO results`$`Global Test`$Pvalue
[1] 0.0129


$`MR-PRESSO results`$`Outlier Test`
         RSSobs  Pvalue
1  2.132134e-04       1
2  1.366964e-03       1
3  1.525756e-04       1
4  3.668688e-04       1
5  1.751848e-04       1
6  2.423283e-04       1
7  2.219426e-03       1
8  6.842852e-07       1
9  2.771202e-02       1
10 6.825970e-04       1
11 1.950844e-04       1
12 5.058989e-03       1
13 4.004237e-03       1
14 4.542422e-04       1
15 1.023060e-03       1
16 1.173700e-03       1
17 3.690458e-06       1
18 1.183493e-03       1
19 1.225425e-05       1
20 1.571739e-03       1
21 5.738757e-03       1
22 6.163995e-06       1
23 1.292557e-04       1
24 9.693668e-04       1
25 6.971178e-03       1
26 3.213669e-04       1
27 2.820038e-04       1
28 4.028187e-05       1
29 3.242575e-04       1
30 1.140252e-03       1
31 2.724422e-03       1
32 2.060657e-04       1
33 1.158360e-04       1
34 8.867460e-04       1
35 1.007389e-04       1
36 4.726611e-04       1
37 2.297460e-04       1
38 1.596714e-03       1
39 8.557217e-06       1
40 1.006875e-03       1
41 5.433217e-04       1
42 3.002152e-03       1
43 7.518093e-04       1
44 1.182635e-02       1
45 4.246091e-04       1
46 4.238309e-04       1
47 1.063268e-04       1
48 1.265373e-03       1
49 3.956696e-03       1
50 9.994953e-06       1
51 1.808471e-04       1
52 7.341669e-03  0.1014
53 4.248652e-07       1
54 7.860222e-04       1
55 2.376788e-03       1
56 1.168084e-02 <0.0078
57 7.126503e-07       1
58 2.310220e-04       1
59 1.607098e-04       1
60 3.331565e-04       1
61 4.908025e-05       1
62 2.893237e-04       1
63 2.249154e-03       1
64 4.229748e-03   0.117
65 1.221320e-03       1
66 4.549625e-05       1
67 1.837037e-03       1
68 1.320640e-04       1
69 6.266464e-04       1
70 9.548654e-04       1
71 1.479479e-04       1
72 1.426767e-03       1
73 1.806873e-03       1
74 8.386566e-04       1
75 4.116042e-05       1
76 2.927532e-04       1
77 5.723492e-04       1
78 1.886286e-03       1

$`MR-PRESSO results`$`Distortion Test`
$`MR-PRESSO results`$`Distortion Test`$`Outliers Indices`
[1] 56

$`MR-PRESSO results`$`Distortion Test`$`Distortion Coefficient`
beta.exposure 
      39.6808 

$`MR-PRESSO results`$`Distortion Test`$Pvalue
[1] 0.634



