$`Main MR results`
       Exposure       MR Analysis Causal Estimate         Sd   T-stat   P-value
1 beta.exposure               Raw      0.03365744 0.02859344 1.177103 0.2424399
2 beta.exposure Outlier-corrected      0.01183936 0.02123507 0.557538 0.5786427

$`MR-PRESSO results`
$`MR-PRESSO results`$`Global Test`
$`MR-PRESSO results`$`Global Test`$RSSobs
[1] 162.1822

$`MR-PRESSO results`$`Global Test`$Pvalue
[1] "<1e-04"


$`MR-PRESSO results`$`Outlier Test`
         RSSobs  Pvalue
1  7.380471e-06       1
2  3.534868e-05       1
3  5.761418e-05       1
4  2.220424e-05       1
5  4.262888e-06       1
6  5.438092e-04       1
7  2.533282e-04       1
8  2.950055e-04       1
9  8.064927e-05       1
10 4.272583e-04       1
11 4.542435e-03       1
12 1.027518e-05       1
13 4.380442e-05       1
14 2.589007e-04       1
15 6.729666e-06       1
16 1.853295e-04       1
17 3.448379e-05       1
18 4.131678e-08       1
19 3.685191e-08       1
20 2.446680e-05       1
21 7.042500e-07       1
22 2.429701e-04       1
23 2.304844e-03       1
24 1.194951e-05       1
25 2.226014e-04       1
26 7.580191e-05       1
27 2.888083e-05       1
28 1.943468e-04       1
29 7.626621e-07       1
30 4.971661e-04       1
31 8.741996e-05       1
32 1.176700e-05       1
33 5.933321e-05       1
34 1.261217e-04       1
35 6.701818e-05       1
36 1.024730e-05       1
37 3.235111e-04       1
38 4.264133e-07       1
39 2.241883e-05       1
40 1.044078e-05       1
41 8.089659e-05       1
42 1.128748e-04       1
43 6.333025e-04  0.5934
44 1.359482e-04       1
45 1.485519e-04       1
46 2.236438e-06       1
47 3.032076e-05       1
48 1.379339e-04       1
49 1.477008e-06       1
50 4.302423e-04       1
51 5.096246e-04       1
52 6.351155e-05       1
53 2.275683e-04       1
54 7.514527e-06       1
55 1.197339e-04       1
56 6.517100e-05       1
57 8.216860e-04       1
58 1.319774e-04       1
59 8.605709e-03 <0.0086
60 7.207328e-07       1
61 3.259780e-07       1
62 9.082658e-06       1
63 2.339547e-05       1
64 2.982953e-04       1
65 8.955306e-05       1
66 4.258285e-05       1
67 7.159383e-06       1
68 6.120691e-09       1
69 3.748759e-08       1
70 1.196217e-04       1
71 1.698804e-05       1
72 1.393057e-04       1
73 1.551190e-05       1
74 3.624528e-05       1
75 5.197041e-04       1
76 4.525388e-05       1
77 2.948203e-04       1
78 5.071161e-05       1
79 1.302317e-04       1
80 1.377512e-04       1
81 7.162558e-06       1
82 2.895705e-04       1
83 1.262139e-04       1
84 3.338057e-05       1
85 4.001696e-07       1
86 1.216607e-04       1

$`MR-PRESSO results`$`Distortion Test`
$`MR-PRESSO results`$`Distortion Test`$`Outliers Indices`
[1] 59

$`MR-PRESSO results`$`Distortion Test`$`Distortion Coefficient`
beta.exposure 
     184.2843 

$`MR-PRESSO results`$`Distortion Test`$Pvalue
[1] 0.1175



