$`Main MR results`
       Exposure       MR Analysis Causal Estimate         Sd     T-stat
1 beta.exposure               Raw     -0.01687255 0.06785429 -0.2486586
2 beta.exposure Outlier-corrected     -0.03148223 0.05876444 -0.5357360
    P-value
1 0.8042869
2 0.5937263

$`MR-PRESSO results`
$`MR-PRESSO results`$`Global Test`
$`MR-PRESSO results`$`Global Test`$RSSobs
[1] 102.783

$`MR-PRESSO results`$`Global Test`$Pvalue
[1] 0.0392


$`MR-PRESSO results`$`Outlier Test`
         RSSobs Pvalue
1  6.944015e-04      1
2  4.534861e-04      1
3  1.371054e-03      1
4  1.574402e-03      1
5  1.745265e-04      1
6  2.655845e-03      1
7  1.333740e-02      1
8  2.996737e-03      1
9  2.985091e-02      1
10 1.018310e-06      1
11 2.885251e-05      1
12 1.224118e-04      1
13 3.102218e-03      1
14 6.506202e-04      1
15 7.031259e-04      1
16 3.182030e-03      1
17 8.121729e-07      1
18 2.348109e-07      1
19 1.246240e-03      1
20 1.791495e-03      1
21 2.522022e-02      1
22 3.216277e-04      1
23 6.218841e-04      1
24 2.114437e-03      1
25 1.889189e-02      1
26 6.396966e-04      1
27 1.238904e-03      1
28 3.411730e-05      1
29 4.579651e-04      1
30 7.930253e-04      1
31 3.456576e-03      1
32 1.081507e-08      1
33 2.300383e-04      1
34 2.315789e-05      1
35 6.225387e-05      1
36 2.955864e-03      1
37 1.629211e-03      1
38 7.295216e-06      1
39 1.981529e-04      1
40 1.656076e-04      1
41 6.837001e-04      1
42 2.974451e-04      1
43 3.920277e-03      1
44 1.442285e-03      1
45 5.002271e-04      1
46 2.333462e-03      1
47 2.722017e-04      1
48 3.938296e-04      1
49 5.958472e-04      1
50 7.591173e-05      1
51 5.197596e-05      1
52 1.789395e-02 0.0078
53 3.643183e-04      1
54 6.109091e-04      1
55 1.135237e-02      1
56 1.390858e-02 0.0156
57 3.119417e-05      1
58 2.520607e-06      1
59 3.000032e-03      1
60 8.772395e-05      1
61 1.179884e-03      1
62 6.165266e-06      1
63 2.086522e-03      1
64 4.589864e-03  0.741
65 1.718189e-04      1
66 3.154730e-04      1
67 1.062107e-03      1
68 5.698496e-05      1
69 8.952409e-05      1
70 2.515010e-03      1
71 4.359744e-06      1
72 9.725891e-03      1
73 6.541731e-03      1
74 1.188892e-04      1
75 3.185655e-05      1
76 8.289413e-06      1
77 8.278364e-04      1
78 8.007532e-03      1

$`MR-PRESSO results`$`Distortion Test`
$`MR-PRESSO results`$`Distortion Test`$`Outliers Indices`
[1] 52 56

$`MR-PRESSO results`$`Distortion Test`$`Distortion Coefficient`
beta.exposure 
     46.40611 

$`MR-PRESSO results`$`Distortion Test`$Pvalue
[1] 0.8402



