$`Main MR results`
       Exposure       MR Analysis Causal Estimate         Sd   T-stat
1 beta.exposure               Raw       0.2390771 0.04289313 5.573785
2 beta.exposure Outlier-corrected       0.2463318 0.04243392 5.805069
       P-value
1 4.070377e-08
2 1.141714e-08

$`MR-PRESSO results`
$`MR-PRESSO results`$`Global Test`
$`MR-PRESSO results`$`Global Test`$RSSobs
[1] 559.104

$`MR-PRESSO results`$`Global Test`$Pvalue
[1] 0.04896


$`MR-PRESSO results`$`Outlier Test`
          RSSobs  Pvalue
1   2.808251e-04       1
2   2.822484e-04       1
3   4.599313e-04       1
4   7.590514e-05       1
5   2.911046e-03 0.04032
6   1.652753e-06       1
7   7.404463e-06       1
8   5.435661e-06       1
9   6.027147e-10       1
10  4.922107e-04       1
11  5.761831e-05       1
12  1.684078e-04       1
13  1.863952e-04       1
14  1.230078e-03       1
15  5.769624e-04       1
16  2.308521e-05       1
17  1.374635e-04       1
18  1.692498e-04       1
19  6.172755e-06       1
20  2.826718e-04       1
21  3.142667e-07       1
22  2.771499e-04       1
23  6.680334e-05       1
24  3.521700e-05       1
25  4.426710e-05       1
26  7.123037e-04       1
27  9.270990e-04       1
28  3.284449e-04       1
29  1.881271e-04       1
30  7.437813e-06       1
31  4.441782e-04       1
32  6.956542e-04       1
33  6.800172e-05       1
34  1.738366e-06       1
35  1.678381e-04       1
36  6.026668e-04       1
37  1.059895e-04       1
38  8.507571e-04       1
39  2.447783e-04       1
40  4.533266e-04       1
41  9.524572e-05       1
42  2.990867e-04       1
43  8.093744e-04       1
44  1.149617e-06       1
45  2.087406e-08       1
46  1.009668e-04       1
47  1.319974e-05       1
48  2.846528e-05       1
49  3.407038e-04       1
50  1.498123e-05       1
51  1.949370e-04       1
52  1.028351e-06       1
53  6.749889e-05       1
54  3.022881e-05       1
55  7.806137e-05       1
56  8.246307e-05       1
57  3.143565e-05       1
58  5.094653e-05       1
59  1.497327e-04       1
60  4.162521e-05       1
61  1.036021e-03       1
62  6.546828e-04       1
63  4.742757e-05       1
64  6.287338e-05       1
65  2.841582e-06       1
66  1.399281e-04       1
67  3.633993e-04       1
68  1.230360e-04       1
69  1.878731e-06       1
70  3.229783e-04       1
71  3.459864e-04       1
72  1.363309e-05       1
73  5.710447e-05       1
74  3.234345e-06       1
75  1.098627e-04       1
76  2.251851e-04       1
77  2.436851e-04       1
78  2.543027e-04       1
79  9.488917e-05       1
80  1.156635e-05       1
81  2.112320e-05       1
82  7.059686e-04       1
83  9.735185e-04       1
84  9.042734e-06       1
85  5.675349e-05       1
86  5.569671e-05       1
87  1.364608e-05       1
88  1.181349e-05       1
89  4.819647e-04       1
90  3.392271e-03       1
91  3.115845e-05       1
92  1.384911e-06       1
93  7.394383e-04       1
94  1.949008e-04       1
95  1.697800e-04       1
96  6.473161e-05       1
97  2.639131e-04       1
98  2.951953e-04       1
99  1.110948e-04       1
100 1.730741e-04       1
101 2.087076e-03       1
102 1.129980e-04       1
103 1.711125e-05       1
104 1.421199e-05       1
105 1.601763e-04       1
106 3.368687e-05       1
107 1.823243e-04       1
108 3.824591e-04       1
109 2.857781e-04       1
110 2.542198e-04       1
111 1.091967e-04       1
112 2.651937e-04       1
113 1.987273e-04       1
114 1.896482e-03       1
115 4.381032e-05       1
116 8.010828e-08       1
117 2.675375e-04       1
118 6.519605e-04       1
119 1.136756e-05       1
120 1.456245e-04       1
121 1.024612e-03       1
122 4.118832e-04       1
123 1.058129e-06       1
124 4.627958e-04       1
125 1.754581e-04       1
126 4.086920e-05       1
127 7.224282e-04       1
128 3.064963e-04       1
129 6.335008e-04       1
130 8.435953e-06       1
131 1.661155e-04       1
132 1.527040e-06       1
133 3.554904e-04       1
134 5.226218e-04       1
135 3.680012e-04       1
136 1.798741e-04       1
137 1.829657e-04       1
138 1.157359e-04       1
139 3.748223e-04       1
140 1.304213e-05       1
141 1.970239e-04       1
142 4.872400e-04       1
143 6.273649e-04       1
144 9.395642e-05       1
145 1.192025e-04       1
146 7.417003e-04       1
147 9.059670e-06       1
148 1.680065e-05       1
149 2.765201e-04       1
150 9.250004e-04       1
151 5.181294e-08       1
152 2.189207e-05       1
153 2.758749e-04       1
154 6.854076e-04       1
155 4.963711e-07       1
156 1.635448e-05       1
157 5.052593e-04       1
158 1.286218e-05       1
159 5.609213e-05       1
160 6.706244e-06       1
161 8.736329e-05       1
162 1.216796e-05       1
163 1.271621e-03       1
164 2.785408e-04       1
165 9.659102e-05       1
166 5.390232e-06       1
167 3.061696e-05       1
168 4.886985e-05       1
169 1.523212e-04       1
170 1.162496e-03       1
171 9.369089e-05       1
172 5.183036e-05       1
173 5.575508e-07       1
174 2.172686e-04       1
175 1.514846e-06       1
176 5.877182e-03       1
177 4.077983e-06       1
178 1.109708e-03       1
179 1.217259e-07       1
180 2.084249e-04       1
181 5.793361e-05       1
182 5.764998e-05       1
183 1.733313e-04       1
184 6.763746e-04       1
185 4.584233e-04       1
186 2.191717e-04       1
187 2.086146e-06       1
188 5.417413e-05       1
189 1.031752e-05       1
190 1.900108e-04       1
191 2.796730e-04       1
192 1.700144e-06       1
193 3.646552e-04       1
194 1.310165e-05       1
195 1.019607e-03       1
196 1.893902e-04       1
197 6.200188e-06       1
198 7.767252e-05       1
199 1.104971e-03       1
200 7.337541e-05       1
201 6.622600e-06       1
202 1.742010e-04       1
203 4.645446e-04       1
204 5.770707e-04       1
205 1.582486e-07       1
206 1.682166e-05       1
207 3.306186e-04       1
208 2.085248e-04       1
209 2.215173e-05       1
210 1.204629e-05       1
211 2.088650e-04       1
212 3.484089e-06       1
213 2.775906e-04       1
214 3.323628e-04       1
215 2.351761e-05       1
216 2.004266e-06       1
217 5.205401e-07       1
218 2.244266e-04       1
219 7.984154e-05       1
220 2.082163e-04       1
221 1.628276e-03       1
222 1.483237e-04       1
223 4.499043e-04       1
224 5.687083e-05       1
225 4.175504e-04       1
226 2.791142e-04       1
227 8.031752e-05       1
228 1.943870e-04       1
229 3.902263e-06       1
230 5.928489e-04       1
231 8.657874e-04       1
232 1.090261e-03       1
233 3.886199e-04       1
234 8.325606e-06       1
235 5.652558e-04       1
236 1.847364e-04       1
237 8.381747e-05       1
238 6.948837e-04       1
239 7.038467e-05       1
240 1.013764e-08       1
241 8.254357e-05       1
242 4.535030e-04       1
243 2.718250e-04       1
244 4.740082e-05       1
245 2.860077e-07       1
246 3.162485e-05       1
247 5.126023e-04       1
248 1.085416e-05       1
249 1.785206e-04       1
250 1.141780e-04       1
251 1.494728e-05       1
252 1.256043e-04       1
253 2.706385e-04       1
254 1.091257e-03       1
255 2.204535e-03       1
256 9.050891e-04       1
257 8.165931e-05       1
258 2.283915e-06       1
259 3.342332e-04       1
260 1.736031e-06       1
261 1.129777e-04       1
262 1.596496e-06       1
263 2.176219e-05       1
264 6.856954e-05       1
265 7.007521e-06       1
266 3.080363e-04       1
267 9.077360e-05       1
268 6.219577e-07       1
269 1.775781e-04       1
270 5.379887e-04       1
271 1.082704e-04       1
272 1.380163e-06       1
273 9.357044e-05       1
274 3.976402e-04       1
275 3.142142e-05       1
276 4.525803e-04       1
277 3.341361e-04       1
278 2.318742e-06       1
279 3.112233e-04       1
280 1.471621e-04       1
281 2.911245e-05       1
282 3.554618e-04       1
283 1.367933e-04       1
284 7.194046e-06       1
285 1.706029e-03       1
286 5.784659e-04       1
287 2.989366e-05       1
288 3.378927e-06       1
289 4.044100e-04       1
290 3.222682e-06       1
291 1.098600e-04       1
292 9.319456e-05       1
293 1.783476e-04       1
294 3.866160e-04       1
295 7.227658e-05       1
296 4.126267e-05       1
297 1.037186e-04       1
298 2.260824e-04       1
299 2.717070e-05       1
300 1.529960e-04       1
301 2.112321e-04       1
302 5.700748e-04       1
303 1.255283e-05       1
304 1.778632e-05       1
305 7.786745e-04       1
306 1.363060e-04       1
307 1.365161e-04       1
308 7.292229e-05       1
309 1.785686e-04       1
310 9.447207e-05       1
311 4.812195e-04       1
312 7.368917e-04       1
313 1.300481e-03       1
314 2.846541e-05       1
315 2.151118e-05       1
316 2.915728e-04       1
317 4.587671e-05       1
318 1.578911e-04       1
319 7.894241e-06       1
320 1.698562e-03       1
321 6.132308e-07       1
322 3.093361e-05       1
323 6.610539e-08       1
324 3.799999e-07       1
325 8.173360e-05       1
326 2.975850e-04       1
327 3.526241e-04       1
328 6.757769e-04       1
329 2.048419e-06       1
330 2.537405e-05       1
331 3.800946e-05       1
332 4.159125e-04       1
333 9.715815e-05       1
334 2.068826e-05       1
335 8.613393e-07       1
336 1.032556e-04       1
337 3.358214e-06       1
338 3.122623e-04       1
339 6.701596e-06       1
340 2.459413e-04       1
341 5.243501e-05       1
342 3.716418e-05       1
343 1.502372e-04       1
344 6.022499e-05       1
345 7.229891e-07       1
346 3.018584e-05       1
347 4.933386e-05       1
348 8.425392e-06       1
349 6.004918e-05       1
350 6.159427e-05       1
351 1.380915e-03       1
352 3.984666e-06       1
353 1.228769e-03       1
354 1.112015e-04       1
355 1.598245e-04       1
356 6.727186e-04       1
357 6.051790e-04       1
358 3.303115e-04       1
359 8.479499e-05       1
360 5.485726e-05       1
361 3.377822e-04       1
362 2.322467e-05       1
363 5.967058e-06       1
364 2.323890e-05       1
365 2.425756e-05       1
366 2.601676e-04       1
367 3.483927e-04       1
368 2.442768e-04       1
369 7.889762e-06       1
370 5.073992e-04       1
371 2.658816e-04       1
372 4.047095e-04       1
373 9.487876e-06       1
374 1.769477e-04       1
375 9.669737e-04       1
376 3.934184e-04       1
377 2.310913e-04       1
378 1.305731e-04       1
379 1.357854e-04       1
380 6.188479e-04       1
381 2.126919e-04       1
382 4.611078e-04       1
383 5.775597e-04       1
384 2.182021e-06       1
385 3.397399e-04       1
386 1.802569e-04       1
387 5.903309e-05       1
388 2.867109e-05       1
389 1.563931e-04       1
390 8.791449e-05       1
391 2.744701e-04       1
392 3.232512e-04       1
393 4.412142e-04       1
394 8.875383e-06       1
395 1.174758e-04       1
396 1.216191e-04       1
397 9.459852e-04       1
398 4.661507e-04       1
399 5.938630e-05       1
400 6.249665e-06       1
401 9.880619e-04       1
402 4.340064e-05       1
403 2.597347e-04       1
404 3.559503e-04       1
405 1.155853e-04       1
406 1.623852e-04       1
407 7.127401e-04       1
408 1.358277e-03       1
409 2.951570e-04       1
410 8.745211e-04       1
411 8.985392e-06       1
412 1.095006e-03       1
413 3.046286e-06       1
414 5.684932e-06       1
415 2.312792e-04       1
416 8.767923e-05       1
417 1.673899e-04       1
418 1.157867e-04       1
419 1.762036e-06       1
420 1.126954e-06       1
421 2.691516e-05       1
422 9.994741e-06       1
423 2.383626e-04       1
424 1.787853e-04       1
425 1.022352e-04       1
426 5.488899e-05       1
427 9.161655e-05       1
428 6.194700e-05       1
429 1.521711e-05       1
430 8.135065e-06       1
431 2.900566e-04       1
432 5.365635e-05       1
433 1.414262e-05       1
434 1.870598e-04       1
435 2.809320e-05       1
436 3.592019e-04       1
437 3.602213e-04       1
438 7.306178e-06       1
439 7.386597e-05       1
440 3.149528e-05       1
441 3.248507e-04       1
442 2.395836e-05       1
443 7.043947e-06       1
444 1.860249e-05       1
445 1.539516e-05       1
446 1.739387e-06       1
447 3.889233e-04       1
448 1.145311e-04       1
449 4.719126e-05       1
450 8.680561e-04       1
451 2.034750e-04       1
452 9.491775e-04       1
453 4.141933e-04       1
454 3.078308e-04       1
455 1.123947e-06       1
456 2.632699e-05       1
457 1.814707e-04       1
458 1.955137e-04       1
459 8.655283e-06       1
460 2.582133e-04       1
461 1.017260e-03       1
462 1.496313e-05       1
463 4.772739e-04       1
464 6.036568e-05       1
465 2.476627e-04       1
466 1.097663e-04       1
467 4.634622e-05       1
468 1.091751e-05       1
469 2.572345e-04       1
470 7.008995e-04       1
471 3.064093e-04       1
472 6.180071e-04       1
473 1.072256e-06       1
474 3.906614e-04       1
475 2.602393e-04       1
476 4.598466e-05       1
477 4.552725e-04       1
478 1.776899e-04       1
479 5.256139e-04       1
480 4.946487e-04       1
481 4.652015e-06       1
482 3.147422e-04       1
483 1.353501e-05       1
484 1.293826e-04       1
485 3.147816e-05       1
486 2.951910e-04       1
487 4.678035e-04       1
488 1.029366e-04       1
489 9.873019e-07       1
490 6.405979e-05       1
491 5.206303e-04       1
492 9.994450e-05       1
493 9.234052e-05       1
494 2.348600e-04       1
495 5.853196e-04       1
496 3.683232e-04       1
497 3.423928e-04       1
498 1.436702e-04       1
499 1.289686e-03       1
500 2.992296e-04       1
501 1.313370e-03       1
502 1.538485e-05       1
503 9.001554e-07       1
504 1.588655e-04       1

$`MR-PRESSO results`$`Distortion Test`
$`MR-PRESSO results`$`Distortion Test`$`Outliers Indices`
[1] 5

$`MR-PRESSO results`$`Distortion Test`$`Distortion Coefficient`
beta.exposure 
    -2.945124 

$`MR-PRESSO results`$`Distortion Test`$Pvalue
[1] 0.87132



