$`Main MR results`
       Exposure       MR Analysis Causal Estimate        Sd   T-stat
1 beta.exposure               Raw       0.6403937 0.1352905 4.733473
2 beta.exposure Outlier-corrected              NA        NA       NA
       P-value
1 3.053508e-06
2           NA

$`MR-PRESSO results`
$`MR-PRESSO results`$`Global Test`
$`MR-PRESSO results`$`Global Test`$RSSobs
[1] 468.553

$`MR-PRESSO results`$`Global Test`$Pvalue
[1] 0.01972


$`MR-PRESSO results`$`Outlier Test`
          RSSobs  Pvalue
1   1.728024e-04       1
2   1.031371e-04       1
3   6.040861e-03       1
4   2.417173e-03       1
5   1.110762e-02       1
6   4.514901e-04       1
7   1.563554e-04       1
8   7.353115e-03       1
9   2.236219e-03       1
10  9.640854e-03   0.814
11  1.458700e-04       1
12  7.101683e-04       1
13  2.849538e-04       1
14  1.576813e-02 0.06512
15  2.848871e-04       1
16  8.951489e-04       1
17  8.779917e-03       1
18  2.149172e-03       1
19  1.353661e-04       1
20  3.668512e-04       1
21  2.445157e-03       1
22  2.272556e-04       1
23  4.407885e-04       1
24  7.536623e-03       1
25  4.593963e-03       1
26  6.956697e-04       1
27  4.238833e-03       1
28  9.451784e-04       1
29  4.162875e-03       1
30  3.668199e-03       1
31  3.807381e-04       1
32  6.769351e-05       1
33  3.686683e-03       1
34  7.048798e-04       1
35  1.631507e-02       1
36  3.927229e-05       1
37  7.020298e-06       1
38  8.735257e-05       1
39  8.631557e-03       1
40  1.025122e-04       1
41  2.009395e-05       1
42  2.337383e-05       1
43  1.351298e-03       1
44  2.893294e-03       1
45  3.436364e-03       1
46  1.129598e-02       1
47  1.030305e-06       1
48  2.419540e-02       1
49  5.749959e-03       1
50  7.308690e-04       1
51  1.870961e-03       1
52  5.969395e-04       1
53  7.790152e-03       1
54  1.274678e-04       1
55  3.395276e-03       1
56  5.858361e-03       1
57  4.611011e-04       1
58  1.906106e-03       1
59  4.586564e-05       1
60  1.783555e-02       1
61  2.547083e-05       1
62  1.681787e-03       1
63  9.840052e-05       1
64  3.409988e-04       1
65  4.306259e-04       1
66  7.673440e-03       1
67  2.599550e-03       1
68  5.711021e-03       1
69  2.999023e-04       1
70  3.081618e-05       1
71  2.150990e-05       1
72  2.563340e-03       1
73  1.921488e-04       1
74  8.514633e-03       1
75  9.830234e-05       1
76  9.368444e-03       1
77  5.881886e-03       1
78  5.385138e-04       1
79  1.636019e-05       1
80  2.864536e-03       1
81  1.022250e-03       1
82  6.656966e-03       1
83  1.042482e-03       1
84  1.207109e-02       1
85  2.644467e-04       1
86  1.645739e-03       1
87  1.615313e-03       1
88  4.462094e-04       1
89  1.118080e-03       1
90  2.713735e-03       1
91  1.865206e-04       1
92  8.052577e-04       1
93  1.758151e-02       1
94  1.082218e-04       1
95  8.674103e-04       1
96  7.917008e-04       1
97  8.805304e-04       1
98  2.303139e-03       1
99  5.736985e-03       1
100 5.420602e-03       1
101 2.977214e-03       1
102 5.979100e-04       1
103 5.977291e-04       1
104 1.178674e-02       1
105 5.764808e-04       1
106 3.665433e-04       1
107 1.183265e-04       1
108 4.897204e-05       1
109 1.659231e-03       1
110 2.870661e-03       1
111 1.692580e-03       1
112 2.267190e-04       1
113 1.101455e-03       1
114 5.592440e-04       1
115 4.012737e-03       1
116 8.819194e-03       1
117 6.417580e-05       1
118 1.407738e-03       1
119 9.191174e-05       1
120 1.939523e-03       1
121 2.510627e-03       1
122 3.830561e-03       1
123 9.740625e-06       1
124 5.290400e-04       1
125 6.320064e-04       1
126 1.624952e-03       1
127 2.598321e-03       1
128 8.973146e-07       1
129 9.858950e-03       1
130 1.215064e-05       1
131 1.226597e-03       1
132 2.041647e-02       1
133 5.388222e-03       1
134 3.433660e-04       1
135 1.012642e-03       1
136 1.761809e-03       1
137 5.293333e-03       1
138 4.020662e-04       1
139 4.580952e-03       1
140 2.374546e-05       1
141 2.980024e-04       1
142 2.085283e-03       1
143 4.815887e-03       1
144 7.698976e-03       1
145 1.244904e-03       1
146 1.000543e-02       1
147 1.408517e-03       1
148 1.163130e-03       1
149 1.167543e-05       1
150 3.678149e-05       1
151 6.291570e-06       1
152 7.758786e-04       1
153 5.614214e-07       1
154 8.976171e-04       1
155 7.523784e-05       1
156 2.838003e-04       1
157 4.782153e-04       1
158 3.734798e-03       1
159 1.473143e-05       1
160 2.318415e-07       1
161 9.115496e-05       1
162 1.337031e-02       1
163 1.868143e-03       1
164 1.737899e-03       1
165 1.365198e-02       1
166 4.038750e-03       1
167 2.246436e-03       1
168 1.854487e-03       1
169 4.084226e-04       1
170 4.799901e-04       1
171 1.783798e-03       1
172 7.253180e-03       1
173 2.466380e-04       1
174 8.963557e-03       1
175 3.220200e-03       1
176 5.203356e-06       1
177 3.248488e-03       1
178 1.522288e-03       1
179 4.709349e-03       1
180 1.133732e-02       1
181 2.430583e-03       1
182 1.811883e-03       1
183 5.574019e-03       1
184 4.100536e-04       1
185 5.824831e-03       1
186 7.350987e-04       1
187 4.200788e-04       1
188 1.923059e-03       1
189 3.040266e-04       1
190 1.084714e-03       1
191 8.178171e-04       1
192 1.361962e-04       1
193 2.903620e-03       1
194 3.257760e-03       1
195 3.436569e-04       1
196 1.468834e-03       1
197 1.429120e-03       1
198 7.703499e-03       1
199 9.781407e-04       1
200 8.042000e-04       1
201 4.688487e-05       1
202 1.375078e-04       1
203 1.274766e-03       1
204 2.569117e-05       1
205 2.263973e-04       1
206 6.708357e-04       1
207 2.212871e-04       1
208 1.460554e-03       1
209 2.681916e-03       1
210 4.140351e-06       1
211 1.233537e-03       1
212 4.897064e-03       1
213 7.092013e-04       1
214 3.560605e-04       1
215 3.590082e-04       1
216 6.284090e-05       1
217 2.434093e-06       1
218 2.793598e-03       1
219 4.786832e-03       1
220 8.186954e-04       1
221 2.694321e-04       1
222 3.060878e-04       1
223 2.647984e-03       1
224 5.451379e-03       1
225 2.615687e-03       1
226 1.116406e-03       1
227 2.102239e-04       1
228 3.238073e-03       1
229 1.888092e-02       1
230 8.066185e-05       1
231 4.835257e-03       1
232 3.872209e-04       1
233 6.360744e-04       1
234 2.326344e-04       1
235 4.448948e-04       1
236 5.075430e-04       1
237 4.224659e-04       1
238 5.342502e-04       1
239 2.416540e-06       1
240 2.097349e-05       1
241 1.743195e-04       1
242 4.653063e-05       1
243 1.360437e-06       1
244 1.362853e-03       1
245 3.314105e-03       1
246 4.186134e-03       1
247 5.306334e-04       1
248 2.154366e-04       1
249 2.374714e-05       1
250 6.466314e-05       1
251 7.002370e-03       1
252 2.289281e-03       1
253 4.266340e-07       1
254 1.580423e-04       1
255 3.810163e-04       1
256 2.740960e-03       1
257 4.900214e-03       1
258 1.022072e-04       1
259 5.757623e-04       1
260 1.225182e-02 0.71632
261 1.558585e-03       1
262 4.654519e-03       1
263 3.858142e-03       1
264 2.426369e-03       1
265 3.810716e-04       1
266 6.644980e-04       1
267 6.592156e-04       1
268 5.876038e-03       1
269 1.134430e-04       1
270 8.794968e-08       1
271 2.136819e-03       1
272 8.085202e-03       1
273 2.815818e-04       1
274 1.530473e-04       1
275 2.060894e-03       1
276 2.080275e-05       1
277 2.913283e-03       1
278 1.646557e-03       1
279 4.846664e-04       1
280 3.992634e-03       1
281 3.399500e-04       1
282 1.361721e-03       1
283 1.149318e-05       1
284 6.994774e-04       1
285 5.421903e-04       1
286 3.831966e-06       1
287 9.974818e-05       1
288 1.061600e-03       1
289 2.164834e-03       1
290 2.622198e-03       1
291 1.889662e-05       1
292 1.281470e-03       1
293 1.710246e-03       1
294 2.885859e-03       1
295 3.495560e-04       1
296 5.060668e-04       1
297 9.931285e-03       1
298 7.677965e-04       1
299 4.337362e-03       1
300 4.816264e-03       1
301 4.277366e-04       1
302 1.050141e-04       1
303 4.655491e-04       1
304 1.491578e-04       1
305 2.850489e-04       1
306 1.564530e-03       1
307 2.737507e-06       1
308 3.924089e-03       1
309 1.970640e-03       1
310 7.287392e-04       1
311 8.145366e-04       1
312 1.934366e-03       1
313 5.305121e-04       1
314 3.942035e-03       1
315 1.010227e-04       1
316 7.535677e-05       1
317 7.203749e-04       1
318 4.199987e-03       1
319 4.507186e-04       1
320 1.623855e-04       1
321 6.853911e-04       1
322 5.614383e-03       1
323 3.143594e-04       1
324 4.885602e-05       1
325 1.200766e-03       1
326 2.437025e-04       1
327 5.761598e-04       1
328 1.008875e-03       1
329 2.586737e-03       1
330 9.857790e-03       1
331 6.944283e-04       1
332 2.473490e-04       1
333 6.221319e-04       1
334 3.346000e-04       1
335 1.172972e-03       1
336 2.121549e-03       1
337 1.401563e-03       1
338 3.521149e-04       1
339 2.236685e-04       1
340 8.908863e-06       1
341 5.992019e-07       1
342 5.484191e-05       1
343 4.798237e-03       1
344 3.564381e-03       1
345 8.532587e-05       1
346 2.795189e-07       1
347 9.272930e-04       1
348 1.180269e-05       1
349 2.142990e-04       1
350 5.613399e-03       1
351 9.990924e-04       1
352 1.174646e-03       1
353 5.453852e-05       1
354 1.639933e-02       1
355 3.132156e-04       1
356 3.381978e-04       1
357 6.671971e-04       1
358 5.389102e-04       1
359 5.440152e-03       1
360 2.632888e-03       1
361 2.272407e-03       1
362 2.338409e-02       1
363 5.563835e-06       1
364 1.811156e-03       1
365 4.801155e-03       1
366 2.539710e-03       1
367 1.043576e-03       1
368 1.315705e-02       1
369 5.608179e-03       1
370 8.989737e-04       1
371 1.075317e-04       1
372 2.566062e-04       1
373 6.611775e-03       1
374 6.021636e-04       1
375 8.516411e-03       1
376 1.208055e-04       1
377 5.035026e-04       1
378 1.201655e-03       1
379 3.089027e-04       1
380 9.881382e-05       1
381 5.560600e-05       1
382 1.210790e-04       1
383 1.251597e-02       1
384 4.215939e-03       1
385 9.637546e-05       1
386 1.783156e-03       1
387 6.415317e-04       1
388 1.458014e-03       1
389 1.575394e-03       1
390 1.060546e-03       1
391 1.154739e-04       1
392 1.342572e-03       1
393 1.070376e-03       1
394 3.922489e-04       1
395 4.765083e-03       1
396 1.907093e-05       1
397 1.177207e-04       1
398 1.915750e-04       1
399 2.136438e-03       1
400 3.945263e-03       1
401 3.599424e-03       1
402 9.118683e-04       1
403 4.734795e-03       1
404 9.618344e-04       1
405 1.599133e-04       1
406 1.869883e-04       1
407 1.023404e-03       1

$`MR-PRESSO results`$`Distortion Test`
$`MR-PRESSO results`$`Distortion Test`$`Outliers Indices`
[1] "No significant outliers"

$`MR-PRESSO results`$`Distortion Test`$`Distortion Coefficient`
[1] NA

$`MR-PRESSO results`$`Distortion Test`$Pvalue
[1] NA



