$`Main MR results`
       Exposure       MR Analysis Causal Estimate         Sd    T-stat
1 beta.exposure               Raw      0.04134730 0.05799914 0.7128951
2 beta.exposure Outlier-corrected      0.01914627 0.05493117 0.3485503
    P-value
1 0.4778633
2 0.7282991

$`MR-PRESSO results`
$`MR-PRESSO results`$`Global Test`
$`MR-PRESSO results`$`Global Test`$RSSobs
[1] 116.2044

$`MR-PRESSO results`$`Global Test`$Pvalue
[1] 0.0226


$`MR-PRESSO results`$`Outlier Test`
         RSSobs Pvalue
1  3.606790e-04      1
2  2.604037e-03      1
3  1.124048e-04      1
4  1.630043e-04      1
5  3.085858e-03      1
6  1.487956e-06      1
7  8.223564e-04      1
8  2.186303e-04      1
9  4.841200e-03      1
10 5.034918e-05      1
11 5.667312e-03      1
12 7.064141e-04      1
13 1.577555e-04      1
14 6.269394e-05      1
15 6.640696e-06      1
16 5.467642e-04      1
17 1.016459e-03      1
18 1.301275e-04      1
19 2.538835e-03      1
20 7.878525e-06      1
21 9.713253e-04      1
22 6.493631e-05      1
23 2.037540e-04      1
24 6.032110e-03      1
25 5.285228e-05      1
26 2.710399e-03      1
27 1.074962e-03      1
28 2.018579e-04      1
29 6.282959e-04      1
30 1.968461e-03      1
31 5.973888e-05      1
32 7.490892e-03      1
33 1.698297e-03      1
34 1.329046e-04      1
35 3.026627e-05      1
36 1.430725e-04      1
37 1.506122e-03      1
38 2.693021e-03      1
39 4.584057e-04      1
40 1.230671e-04      1
41 6.149583e-04      1
42 1.331339e-03      1
43 4.194530e-04      1
44 7.657633e-04      1
45 4.813294e-05      1
46 8.510418e-05      1
47 5.084516e-04      1
48 1.657744e-04      1
49 6.084068e-04      1
50 2.920836e-04      1
51 6.467537e-06      1
52 4.510313e-03 0.1548
53 1.626979e-03      1
54 1.343385e-04      1
55 1.691522e-04      1
56 8.893695e-04      1
57 2.151343e-03      1
58 8.762347e-06      1
59 1.032925e-02 0.0172
60 2.316812e-04      1
61 1.775595e-04      1
62 1.176452e-04      1
63 3.272753e-03      1
64 8.750441e-05      1
65 9.832397e-06      1
66 2.251832e-04      1
67 1.246403e-04      1
68 6.029828e-05      1
69 6.021998e-03      1
70 9.704519e-04      1
71 1.200708e-03      1
72 2.802037e-03      1
73 5.914431e-05      1
74 4.389161e-05      1
75 7.346936e-05      1
76 1.376782e-06      1
77 2.954638e-04      1
78 4.232639e-04      1
79 1.786152e-03      1
80 1.019283e-04      1
81 3.193046e-04      1
82 1.275273e-03      1
83 1.365908e-04      1
84 1.395112e-04      1
85 6.740011e-04      1
86 1.588233e-03      1

$`MR-PRESSO results`$`Distortion Test`
$`MR-PRESSO results`$`Distortion Test`$`Outliers Indices`
[1] 59

$`MR-PRESSO results`$`Distortion Test`$`Distortion Coefficient`
beta.exposure 
     115.9548 

$`MR-PRESSO results`$`Distortion Test`$Pvalue
[1] 0.362



