$`Main MR results`
       Exposure       MR Analysis Causal Estimate         Sd   T-stat
1 beta.exposure               Raw      0.03181556 0.01776139 1.791277
2 beta.exposure Outlier-corrected      0.02786449 0.01678141 1.660438
     P-value
1 0.07763433
2 0.10143110

$`MR-PRESSO results`
$`MR-PRESSO results`$`Global Test`
$`MR-PRESSO results`$`Global Test`$RSSobs
[1] 103.3305

$`MR-PRESSO results`$`Global Test`$Pvalue
[1] 0.0095


$`MR-PRESSO results`$`Outlier Test`
         RSSobs Pvalue
1  5.554392e-04      1
2  1.441086e-04      1
3  1.627714e-04      1
4  2.456922e-03      1
5  8.468644e-04      1
6  1.340364e-03      1
7  1.426941e-02  0.434
8  1.986158e-04      1
9  2.806749e-04      1
10 8.862018e-04      1
11 5.668821e-07      1
12 8.455201e-05      1
13 2.602324e-03      1
14 2.032161e-03      1
15 1.462655e-04      1
16 1.199204e-03      1
17 9.974683e-05      1
18 2.299882e-04      1
19 5.767512e-04      1
20 1.135958e-03      1
21 1.833034e-05      1
22 9.441249e-06      1
23 5.532503e-05      1
24 6.289214e-04      1
25 3.194408e-05      1
26 2.379601e-04      1
27 3.397721e-04      1
28 1.176999e-03      1
29 2.356460e-05      1
30 1.022555e-03      1
31 2.360391e-04      1
32 2.627581e-04      1
33 3.419929e-04      1
34 9.399155e-02  0.028
35 1.366773e-04      1
36 2.189584e-05      1
37 2.791394e-04      1
38 6.407494e-05      1
39 1.841011e-04      1
40 4.143614e-05      1
41 7.410817e-07      1
42 1.503470e-04      1
43 1.024664e-04      1
44 7.919141e-04      1
45 6.388692e-04      1
46 2.720916e-03  0.784
47 2.965322e-06      1
48 4.081680e-04      1
49 1.329082e-03      1
50 1.596663e-04      1
51 1.917436e-05      1
52 6.910774e-04      1
53 6.447836e-06      1
54 2.006843e-04      1
55 4.756002e-05      1
56 3.002141e-04      1
57 5.514364e-04      1
58 2.397109e-05      1
59 2.145585e-03      1
60 9.425644e-04      1
61 1.533515e-05      1
62 4.094589e-04      1
63 9.720325e-05      1
64 1.302912e-03      1
65 1.061157e-04      1
66 5.104814e-07      1
67 1.023817e-03      1
68 3.491874e-04      1
69 3.021989e-06      1
70 8.050426e-05      1

$`MR-PRESSO results`$`Distortion Test`
$`MR-PRESSO results`$`Distortion Test`$`Outliers Indices`
[1] 34

$`MR-PRESSO results`$`Distortion Test`$`Distortion Coefficient`
beta.exposure 
      14.1796 

$`MR-PRESSO results`$`Distortion Test`$Pvalue
[1] 0.781



