$`Main MR results`
       Exposure       MR Analysis Causal Estimate         Sd      T-stat
1 beta.exposure               Raw      0.00366680 0.03692840  0.09929483
2 beta.exposure Outlier-corrected     -0.02119446 0.02492781 -0.85023344
    P-value
1 0.9211622
2 0.3979379

$`MR-PRESSO results`
$`MR-PRESSO results`$`Global Test`
$`MR-PRESSO results`$`Global Test`$RSSobs
[1] 154.8837

$`MR-PRESSO results`$`Global Test`$Pvalue
[1] "<1e-04"


$`MR-PRESSO results`$`Outlier Test`
         RSSobs  Pvalue
1  1.624865e-04       1
2  3.870007e-05       1
3  6.557860e-05       1
4  2.746404e-04       1
5  8.263346e-05       1
6  1.036197e-04       1
7  1.262537e-03       1
8  1.105041e-04       1
9  1.779507e-03       1
10 1.190692e-07       1
11 3.817905e-05       1
12 2.534819e-03       1
13 3.044438e-04       1
14 1.556151e-05       1
15 1.125042e-04       1
16 1.866641e-05       1
17 3.362766e-05       1
18 9.042567e-06       1
19 2.085320e-04       1
20 5.203501e-03 <0.0078
21 9.986063e-03       1
22 2.281940e-05       1
23 2.674861e-04       1
24 2.463110e-04       1
25 1.602088e-03       1
26 3.400393e-04       1
27 1.390729e-05       1
28 6.088501e-06       1
29 1.576330e-05       1
30 6.982655e-04       1
31 3.986276e-06       1
32 5.090799e-04       1
33 1.342249e-05       1
34 5.016405e-07       1
35 1.548745e-04       1
36 3.253916e-04       1
37 2.825515e-04       1
38 2.414585e-05       1
39 5.483278e-05       1
40 4.789476e-04       1
41 5.117184e-05       1
42 2.441821e-07       1
43 1.781292e-05       1
44 6.587652e-04       1
45 1.881198e-06       1
46 6.069384e-04       1
47 6.056377e-08       1
48 1.937170e-05       1
49 1.057105e-04       1
50 3.591777e-04       1
51 7.364882e-05       1
52 1.660005e-04       1
53 1.487835e-04       1
54 1.383732e-04       1
55 1.786503e-03       1
56 1.140762e-02 <0.0078
57 2.265011e-04       1
58 5.715329e-04       1
59 3.171148e-05       1
60 5.813345e-05       1
61 6.722262e-06       1
62 1.601229e-04       1
63 4.521531e-05       1
64 2.036770e-03  0.0156
65 1.690279e-06       1
66 9.652051e-08       1
67 2.629898e-04       1
68 1.438482e-04       1
69 2.440869e-03       1
70 1.327887e-04       1
71 7.447156e-05       1
72 8.220142e-03       1
73 4.311248e-07       1
74 1.542667e-04       1
75 2.167810e-05       1
76 6.593768e-04       1
77 2.227197e-04       1
78 3.301505e-04       1

$`MR-PRESSO results`$`Distortion Test`
$`MR-PRESSO results`$`Distortion Test`$`Outliers Indices`
[1] 20 56 64

$`MR-PRESSO results`$`Distortion Test`$`Distortion Coefficient`
beta.exposure 
     117.3007 

$`MR-PRESSO results`$`Distortion Test`$Pvalue
[1] 0.3247



