$`Main MR results`
       Exposure       MR Analysis Causal Estimate         Sd     T-stat
1 beta.exposure               Raw     0.017763112 0.02589673  0.6859210
2 beta.exposure Outlier-corrected    -0.003797229 0.01661862 -0.2284924
    P-value
1 0.4948231
2 0.8198772

$`MR-PRESSO results`
$`MR-PRESSO results`$`Global Test`
$`MR-PRESSO results`$`Global Test`$RSSobs
[1] 169.1323

$`MR-PRESSO results`$`Global Test`$Pvalue
[1] "<1e-04"


$`MR-PRESSO results`$`Outlier Test`
         RSSobs  Pvalue
1  2.434475e-05       1
2  1.077259e-04       1
3  8.106682e-05       1
4  1.368104e-05       1
5  7.832601e-06       1
6  1.258882e-05       1
7  9.961497e-05       1
8  1.291987e-04       1
9  2.813447e-03       1
10 1.310745e-04       1
11 7.752332e-06       1
12 1.903747e-05       1
13 6.042553e-04       1
14 1.040643e-05       1
15 1.897389e-07       1
16 2.520720e-05       1
17 8.245108e-05       1
18 1.321460e-03       1
19 3.099670e-05       1
20 9.057388e-05       1
21 5.405942e-05       1
22 8.708556e-05       1
23 5.601170e-06       1
24 7.074767e-05       1
25 9.392400e-04       1
26 3.293031e-05       1
27 9.406550e-05       1
28 1.181473e-04       1
29 2.098484e-04       1
30 8.145396e-07       1
31 4.130067e-05       1
32 2.848234e-04       1
33 2.747404e-07       1
34 8.938186e-05       1
35 2.118313e-06       1
36 2.137551e-07       1
37 3.189378e-07       1
38 1.012295e-04       1
39 1.341413e-06       1
40 1.113211e-04       1
41 6.107415e-05       1
42 5.428460e-06       1
43 3.275615e-06       1
44 2.997723e-05       1
45 2.295967e-05       1
46 1.661991e-04       1
47 2.184682e-05       1
48 7.737797e-05       1
49 2.744053e-04       1
50 1.164395e-04       1
51 3.068919e-04       1
52 1.647992e-05       1
53 4.776608e-05       1
54 4.196248e-05       1
55 3.435650e-04       1
56 9.394749e-03 <0.0078
57 4.068756e-06       1
58 6.364119e-05       1
59 4.587482e-06       1
60 1.520854e-04       1
61 5.806950e-05       1
62 5.190356e-05       1
63 1.561748e-05       1
64 7.338029e-04  0.0858
65 1.036299e-04       1
66 7.921092e-05       1
67 1.390793e-04       1
68 3.945081e-04       1
69 4.673102e-05       1
70 4.451925e-06       1
71 6.687614e-05       1
72 3.347903e-04       1
73 1.495833e-04       1
74 5.685860e-05       1
75 2.105635e-05       1
76 2.471735e-07       1
77 8.524543e-06       1
78 7.176069e-06       1

$`MR-PRESSO results`$`Distortion Test`
$`MR-PRESSO results`$`Distortion Test`$`Outliers Indices`
[1] 56

$`MR-PRESSO results`$`Distortion Test`$`Distortion Coefficient`
beta.exposure 
     567.7915 

$`MR-PRESSO results`$`Distortion Test`$Pvalue
[1] 0.0718



