$`Main MR results`
       Exposure       MR Analysis Causal Estimate         Sd   T-stat
1 beta.exposure               Raw      0.05205382 0.02735926 1.902603
2 beta.exposure Outlier-corrected      0.04585333 0.02582063 1.775841
     P-value
1 0.05991259
2 0.07877083

$`MR-PRESSO results`
$`MR-PRESSO results`$`Global Test`
$`MR-PRESSO results`$`Global Test`$RSSobs
[1] 134.7975

$`MR-PRESSO results`$`Global Test`$Pvalue
[1] 0.023


$`MR-PRESSO results`$`Outlier Test`
          RSSobs  Pvalue
1   5.872046e-04       1
2   3.623304e-04       1
3   3.330800e-04       1
4   3.831699e-04       1
5   1.127134e-07       1
6   4.939351e-04       1
7   1.034616e-05       1
8   1.223971e-05       1
9   3.357938e-04       1
10  8.285363e-04       1
11  2.836725e-04       1
12  1.661556e-03       1
13  1.876871e-04       1
14  1.272294e-04       1
15  5.622118e-04       1
16  8.241414e-05       1
17  1.076208e-05       1
18  4.536488e-04       1
19  2.659475e-04       1
20  8.335430e-04       1
21  2.842194e-03       1
22  5.660941e-04       1
23  1.095628e-03       1
24  9.178801e-05       1
25  6.778111e-05       1
26  1.795135e-05       1
27  1.118791e-03       1
28  4.491925e-06       1
29  1.612581e-06       1
30  1.912990e-03       1
31  4.148668e-05       1
32  1.214941e-04       1
33  2.661023e-03       1
34  4.779968e-03       1
35  7.763755e-05       1
36  1.026137e-04       1
37  8.480919e-06       1
38  4.112666e-04       1
39  8.258372e-04       1
40  4.472378e-05       1
41  2.029706e-04       1
42  5.988714e-04       1
43  1.696953e-04       1
44  1.025625e-04       1
45  9.285107e-04       1
46  1.058034e-05       1
47  2.751536e-04       1
48  1.182102e-04       1
49  7.318705e-05       1
50  9.003280e-05       1
51  2.553675e-05       1
52  2.097570e-06       1
53  4.740059e-05       1
54  7.692923e-05       1
55  3.135111e-04       1
56  1.161665e-05       1
57  4.233438e-04       1
58  2.742043e-03       1
59  6.429455e-05       1
60  1.571375e-05       1
61  2.083013e-06       1
62  4.555409e-05       1
63  1.687148e-05       1
64  8.993854e-05       1
65  2.606299e-05       1
66  5.681096e-05       1
67  9.084659e-05       1
68  7.470942e-05       1
69  4.244724e-04       1
70  4.243943e-03 <0.0103
71  2.929874e-04       1
72  2.053636e-04       1
73  1.528171e-03       1
74  6.154411e-05       1
75  8.787311e-04       1
76  1.009851e-08       1
77  2.820313e-03       1
78  3.963759e-06       1
79  2.475272e-05       1
80  1.233483e-04       1
81  1.201728e-04       1
82  6.141315e-07       1
83  9.473457e-04       1
84  1.656303e-03       1
85  2.559962e-03       1
86  1.085370e-04       1
87  1.009269e-03       1
88  1.729778e-05       1
89  1.560400e-03       1
90  2.869437e-04       1
91  1.964604e-04       1
92  1.077598e-03       1
93  1.194797e-03       1
94  5.863198e-05       1
95  9.879398e-04       1
96  6.308084e-04       1
97  3.606217e-04       1
98  2.156567e-05       1
99  5.659351e-06       1
100 4.107372e-05       1
101 3.831799e-04       1
102 2.506683e-05       1
103 2.543414e-05       1

$`MR-PRESSO results`$`Distortion Test`
$`MR-PRESSO results`$`Distortion Test`$`Outliers Indices`
[1] 70

$`MR-PRESSO results`$`Distortion Test`$`Distortion Coefficient`
beta.exposure 
     13.52246 

$`MR-PRESSO results`$`Distortion Test`$Pvalue
[1] 0.7729



