$`Main MR results`
       Exposure       MR Analysis Causal Estimate         Sd     T-stat
1 beta.exposure               Raw     -0.03170553 0.05341735 -0.5935436
2 beta.exposure Outlier-corrected     -0.01007545 0.04194451 -0.2402089
    P-value
1 0.5540700
2 0.8106322

$`MR-PRESSO results`
$`MR-PRESSO results`$`Global Test`
$`MR-PRESSO results`$`Global Test`$RSSobs
[1] 207.7461

$`MR-PRESSO results`$`Global Test`$Pvalue
[1] "<1e-04"


$`MR-PRESSO results`$`Outlier Test`
          RSSobs  Pvalue
1   9.160542e-06       1
2   1.191413e-04       1
3   7.531575e-05       1
4   9.835491e-05       1
5   1.334067e-05       1
6   2.372387e-04       1
7   2.067689e-04       1
8   1.010936e-03       1
9   1.763481e-04       1
10  3.165896e-04       1
11  3.710998e-04       1
12  7.530831e-05       1
13  5.257796e-05       1
14  3.375814e-04       1
15  2.285655e-04       1
16  5.775816e-06       1
17  3.613918e-04       1
18  4.440562e-05       1
19  1.251579e-03       1
20  3.281005e-05       1
21  4.734305e-05       1
22  3.937069e-04       1
23  2.410756e-04       1
24  7.982020e-05       1
25  1.648570e-04       1
26  4.986468e-05       1
27  2.372908e-04       1
28  1.611911e-03       1
29  7.109793e-05       1
30  4.392001e-04       1
31  8.163672e-05       1
32  4.616834e-05       1
33  6.704087e-05       1
34  5.841811e-04       1
35  4.723644e-04       1
36  1.073767e-04       1
37  2.865844e-05       1
38  2.178812e-07       1
39  7.196513e-04       1
40  2.591165e-05       1
41  4.323554e-05       1
42  3.268571e-05       1
43  1.750689e-05       1
44  7.932061e-05       1
45  2.441458e-04       1
46  8.582482e-05       1
47  2.059659e-04       1
48  6.492222e-05       1
49  2.501010e-06       1
50  4.871649e-05       1
51  6.170796e-05       1
52  3.288420e-04       1
53  6.483088e-04       1
54  1.481077e-06       1
55  1.386352e-04       1
56  1.685424e-04       1
57  3.598022e-05       1
58  1.466273e-04       1
59  3.965740e-05       1
60  1.987028e-04       1
61  1.057674e-02 <0.0108
62  2.872291e-05       1
63  1.099010e-03   0.864
64  4.414437e-04       1
65  9.519783e-04       1
66  5.703399e-05       1
67  2.211650e-04       1
68  2.793297e-05       1
69  4.681933e-04       1
70  3.077365e-05       1
71  2.897776e-04       1
72  2.202459e-04       1
73  6.883515e-05       1
74  3.561231e-04       1
75  4.221696e-05       1
76  2.220349e-04       1
77  2.435654e-05       1
78  2.747067e-05       1
79  9.781932e-04       1
80  1.328421e-04       1
81  7.377605e-06       1
82  3.348460e-05       1
83  3.140757e-04       1
84  7.116720e-04       1
85  1.539536e-04       1
86  2.596211e-06       1
87  1.090919e-03   0.108
88  1.659369e-06       1
89  1.306540e-04       1
90  3.597199e-04       1
91  2.102296e-05       1
92  5.072592e-05       1
93  4.323393e-04       1
94  1.895191e-05       1
95  3.737554e-04       1
96  1.343402e-04       1
97  1.395881e-04       1
98  3.138856e-04       1
99  2.636240e-06       1
100 6.001885e-05       1
101 1.045140e-04       1
102 3.834261e-06       1
103 3.304090e-04       1
104 1.016079e-05       1
105 8.103747e-05       1
106 4.956796e-09       1
107 4.605927e-06       1
108 4.870918e-06       1

$`MR-PRESSO results`$`Distortion Test`
$`MR-PRESSO results`$`Distortion Test`$`Outliers Indices`
[1] 61

$`MR-PRESSO results`$`Distortion Test`$`Distortion Coefficient`
beta.exposure 
    -214.6812 

$`MR-PRESSO results`$`Distortion Test`$Pvalue
[1] 0.2265



