$`Main MR results`
       Exposure       MR Analysis Causal Estimate        Sd    T-stat
1 beta.exposure               Raw      -0.6505599 0.2876806 -2.261397
2 beta.exposure Outlier-corrected      -0.8034819 0.2634589 -3.049742
      P-value
1 0.026843940
2 0.003247498

$`MR-PRESSO results`
$`MR-PRESSO results`$`Global Test`
$`MR-PRESSO results`$`Global Test`$RSSobs
[1] 109.9649

$`MR-PRESSO results`$`Global Test`$Pvalue
[1] 0.0042


$`MR-PRESSO results`$`Outlier Test`
         RSSobs Pvalue
1  3.249995e-03      1
2  3.238041e-03      1
3  3.423654e-06      1
4  5.230004e-05      1
5  5.365722e-03      1
6  1.890014e-03      1
7  9.501047e-04      1
8  1.965500e-03      1
9  3.200303e-04      1
10 3.334698e-03      1
11 7.443573e-05      1
12 5.098744e-03      1
13 1.696174e-04      1
14 4.830639e-03      1
15 1.925702e-03      1
16 7.963021e-04      1
17 5.007087e-07      1
18 4.958849e-03      1
19 1.768547e-03      1
20 1.833099e-03      1
21 6.127610e-03  0.355
22 5.482652e-06      1
23 1.661129e-04      1
24 8.621944e-04      1
25 1.540631e-04      1
26 8.392649e-06      1
27 2.615060e-04      1
28 1.036599e-03      1
29 1.931217e-03      1
30 2.669797e-05      1
31 2.849076e-04      1
32 4.706957e-04      1
33 1.168827e-07      1
34 1.105865e-03      1
35 4.956333e-04      1
36 8.313172e-04      1
37 9.907663e-04      1
38 2.145524e-03      1
39 4.790459e-05      1
40 8.387787e-04      1
41 1.133767e-03      1
42 1.644782e-04      1
43 2.536637e-03      1
44 3.703750e-04      1
45 7.374152e-04      1
46 1.255519e-03      1
47 3.065797e-04      1
48 2.115927e-04      1
49 1.628376e-02 0.3053
50 1.402589e-04      1
51 2.432136e-03      1
52 3.196378e-04      1
53 5.324387e-04      1
54 4.783510e-04      1
55 5.086494e-03 0.9088
56 3.765434e-03      1
57 7.811696e-05      1
58 1.704606e-03      1
59 6.128876e-07      1
60 1.818099e-04      1
61 1.568736e-02 0.0071
62 1.682313e-05      1
63 1.201902e-03      1
64 4.433548e-03      1
65 4.340691e-05      1
66 5.026355e-04      1
67 8.859619e-04      1
68 6.069490e-05      1
69 2.534207e-03      1
70 5.548961e-03      1
71 8.578286e-05      1

$`MR-PRESSO results`$`Distortion Test`
$`MR-PRESSO results`$`Distortion Test`$`Outliers Indices`
[1] 61

$`MR-PRESSO results`$`Distortion Test`$`Distortion Coefficient`
beta.exposure 
     19.03241 

$`MR-PRESSO results`$`Distortion Test`$Pvalue
[1] 0.6464



