SNP	CHROM	POS	REF	ALT	AF	BETA	SE	Z	P	N	TRAIT
rs6699744	1	72825144	A	T	0.6148	-0.03235	0.019532	-1.6562563997542492	0.09766	532516	covid_vs._population
rs6690619	1	153765399	C	T	0.4845	-0.011176	0.013813999999999998	-0.8090343130157812	0.4185	1347116	covid_vs._population
rs45501495	1	204596454	C	T	0.2573	0.034856	0.015315	2.2759386222657523	0.02284	1346844	covid_vs._population
rs4953150	2	45157336	C	T	0.3942	-0.010526	0.014038	-0.7498219119532697	0.4534	1352463	covid_vs._population
rs17049185	2	58072660	G	T	0.2643	-7.1248e-5	0.017097	-0.004167280809498743	0.9967	1315928	covid_vs._population
rs4458235	2	79710525	A	T	0.6536	-0.0013344000000000001	0.013319	-0.10018770177941289	0.9202	1362819	covid_vs._population
rs6756149	2	104099833	C	T	0.4526	-0.009925299999999998	0.012866999999999998	-0.7713763892127147	0.4405	1361855	covid_vs._population
rs10180461	2	144263033	T	C	0.3558	-0.00758	0.014312	-0.5296254891000559	0.5964	1352463	covid_vs._population
rs2463652	2	157127415	C	A	0.4595	0.004778	0.019976	0.23918702442931516	0.8109999999999999	800396	covid_vs._population
rs10510554	3	25099776	T	C	0.5599	-0.007776999999999999	0.015303	-0.5082010063386263	0.6113	1332981	covid_vs._population
rs1248825	3	84993411	A	C	0.6544	-0.0032255	0.014150999999999999	-0.22793442159564697	0.8197	1361842	covid_vs._population
rs80264330	3	114815659	T	G	0.0576	0.043592	0.027993	1.5572464544707605	0.1194	1356211	covid_vs._population
rs13082002	3	117317203	T	A	0.4565	-0.016594	0.018783	-0.8834584464675505	0.377	955507	covid_vs._population
rs73868702	3	149754216	G	A	0.04583	-0.0088495	0.032612	-0.27135716914019375	0.7861	1362519	covid_vs._population
rs11706682	3	167199681	T	C	0.3641	-0.012789	0.013418000000000001	-0.9531226710389029	0.3405	1362519	covid_vs._population
rs1946265	5	50840436	A	C	0.6442	0.017154	0.015175	1.1304118616144976	0.2583	1343343	covid_vs._population
rs12514375	5	60801428	A	T	0.3849	0.012172	0.025188	0.4832459901540417	0.6289	516120	covid_vs._population
rs6870152	5	95883544	A	G	0.6067	-0.016654	0.013761	-1.2102318145483613	0.2262	1352463	covid_vs._population
rs364926	5	166392055	C	T	0.228	-0.02974	0.016693	-1.7815850955490324	0.07482	1352463	covid_vs._population
rs11134442	5	166478475	A	G	0.6043	4.114e-4	0.015905000000000002	0.025866079849104055	0.9794	1315928	covid_vs._population
rs16891727	6	26488860	C	A	0.1227	8.5985e-4	0.021972	0.039133897687966504	0.9688	921364	covid_vs._population
rs28703977	6	31472792	T	C	0.6526	0.014678	0.014462000000000001	1.0149356935416953	0.3101	1352463	covid_vs._population
rs9362897	6	92327446	G	T	0.5155	0.014665000000000001	0.01404	1.0445156695156697	0.2962	1346097	covid_vs._population
rs12700239	7	20865979	C	A	0.2089	-0.0090549	0.01908	-0.4745754716981132	0.6351	1343343	covid_vs._population
rs10986983	9	128620009	C	T	0.6585	0.015430000000000001	0.014938	1.0329361360289195	0.3016	1343037	covid_vs._population
rs560815	13	55935080	T	A	0.7224	0.025437	0.014154	1.7971598134802884	0.07232000000000001	1362155	covid_vs._population
rs10161952	13	59474383	A	C	0.3102	-0.006997399999999999	0.014346000000000001	-0.4877596542590268	0.6257	1362519	covid_vs._population
rs56094641	16	53806453	A	G	0.4068	0.014717	0.013775	1.0683847549909256	0.2854	1348459	covid_vs._population
rs11859365	16	83683945	A	C	0.273	-0.012044	0.014868000000000001	-0.8100618778584879	0.4179	1348459	covid_vs._population
rs9955276	18	1839339	C	T	0.1611	0.032142000000000004	0.018726	1.7164370394104456	0.08607999999999999	1338403	covid_vs._population
rs17818263	18	58865261	G	A	0.3181	-0.018351	0.014944999999999998	-1.2279023084643694	0.2195	1348459	covid_vs._population
rs2425026	20	33847253	C	T	0.4503	0.0016408000000000002	0.013878	0.11823029254935871	0.9059	1352457	covid_vs._population
rs3021494	NA	NA	NA	NA	NA	NA	NA	NA	NA	NA	NA
rs1217105	NA	NA	NA	NA	NA	NA	NA	NA	NA	NA	NA
rs946711	NA	NA	NA	NA	NA	NA	NA	NA	NA	NA	NA
rs1410054	NA	NA	NA	NA	NA	NA	NA	NA	NA	NA	NA
rs10741616	NA	NA	NA	NA	NA	NA	NA	NA	NA	NA	NA
rs11237918	NA	NA	NA	NA	NA	NA	NA	NA	NA	NA	NA
rs613597	NA	NA	NA	NA	NA	NA	NA	NA	NA	NA	NA
rs34634095	NA	NA	NA	NA	NA	NA	NA	NA	NA	NA	NA
rs7978702	NA	NA	NA	NA	NA	NA	NA	NA	NA	NA	NA
rs12826749	NA	NA	NA	NA	NA	NA	NA	NA	NA	NA	NA
rs35287743	NA	NA	NA	NA	NA	NA	NA	NA	NA	NA	NA
rs12906493	NA	NA	NA	NA	NA	NA	NA	NA	NA	NA	NA
rs16959955	NA	NA	NA	NA	NA	NA	NA	NA	NA	NA	NA
rs12721051	NA	NA	NA	NA	NA	NA	NA	NA	NA	NA	NA
rs380743	NA	NA	NA	NA	NA	NA	NA	NA	NA	NA	NA
rs2413052	NA	NA	NA	NA	NA	NA	NA	NA	NA	NA	NA
