$`Main MR results`
       Exposure       MR Analysis Causal Estimate         Sd    T-stat
1 beta.exposure               Raw      0.02442876 0.08032280 0.3041324
2 beta.exposure Outlier-corrected      0.03864244 0.07756263 0.4982095
    P-value
1 0.7616177
2 0.6193685

$`MR-PRESSO results`
$`MR-PRESSO results`$`Global Test`
$`MR-PRESSO results`$`Global Test`$RSSobs
[1] 148.6503

$`MR-PRESSO results`$`Global Test`$Pvalue
[1] 0.008


$`MR-PRESSO results`$`Outlier Test`
          RSSobs Pvalue
1   5.098447e-04      1
2   1.040071e-04      1
3   8.521678e-06      1
4   1.431152e-03      1
5   6.186944e-04      1
6   5.096338e-04      1
7   5.677266e-05      1
8   2.538771e-03      1
9   2.445414e-04      1
10  5.170812e-04      1
11  9.313810e-04      1
12  2.482563e-03      1
13  1.932646e-04      1
14  2.950458e-04      1
15  1.563378e-03      1
16  1.768753e-04      1
17  5.343146e-04      1
18  4.848972e-04      1
19  5.876376e-03      1
20  2.268703e-05      1
21  5.879589e-04      1
22  9.098351e-03      1
23  2.294177e-04      1
24  4.451581e-04      1
25  1.707620e-04      1
26  7.622355e-05      1
27  7.383604e-07      1
28  2.427130e-03      1
29  3.492942e-04      1
30  5.780414e-03      1
31  2.393533e-04      1
32  1.305718e-07      1
33  7.010786e-04      1
34  3.302829e-04      1
35  1.989171e-03      1
36  1.176758e-03      1
37  5.154896e-05      1
38  8.440986e-05      1
39  6.028867e-04      1
40  2.800271e-04      1
41  2.499002e-04      1
42  2.017350e-04      1
43  5.345838e-06      1
44  3.311977e-04      1
45  7.075322e-03      1
46  1.334009e-03      1
47  9.345509e-05      1
48  1.114620e-04      1
49  1.554948e-03      1
50  2.882907e-04      1
51  4.598449e-07      1
52  4.351166e-04      1
53  1.510782e-03      1
54  2.287105e-03      1
55  9.987808e-05      1
56  4.682895e-04      1
57  5.470963e-04      1
58  9.040777e-06      1
59  5.510219e-06      1
60  1.861030e-05      1
61  5.177841e-03 0.0108
62  3.067812e-04      1
63  2.891807e-03      1
64  2.390656e-03      1
65  2.715394e-03      1
66  4.775224e-04      1
67  3.010059e-03      1
68  7.325924e-05      1
69  2.212692e-03      1
70  7.415482e-08      1
71  3.164823e-05      1
72  5.737747e-07      1
73  5.857820e-07      1
74  1.784533e-04      1
75  7.793088e-04      1
76  1.528914e-04      1
77  4.626709e-05      1
78  2.286162e-05      1
79  7.039291e-04      1
80  4.547061e-07      1
81  1.758530e-05      1
82  5.943894e-04      1
83  4.437309e-04      1
84  4.765347e-03      1
85  2.114069e-04      1
86  6.054870e-04      1
87  2.429581e-03      1
88  3.929294e-05      1
89  5.475686e-05      1
90  2.650147e-03      1
91  2.267668e-05      1
92  5.121858e-04      1
93  2.803632e-04      1
94  2.543599e-05      1
95  3.357822e-04      1
96  8.360226e-04      1
97  1.548875e-04      1
98  2.676744e-03 0.2592
99  7.662436e-04      1
100 1.194333e-03      1
101 3.185667e-03      1
102 2.246024e-04      1
103 1.142692e-03      1
104 8.252651e-06      1
105 5.235784e-04      1
106 2.153192e-05      1
107 1.415555e-04      1
108 3.179573e-04      1

$`MR-PRESSO results`$`Distortion Test`
$`MR-PRESSO results`$`Distortion Test`$`Outliers Indices`
[1] 61

$`MR-PRESSO results`$`Distortion Test`$`Distortion Coefficient`
beta.exposure 
    -36.78255 

$`MR-PRESSO results`$`Distortion Test`$Pvalue
[1] 0.8828



