$`Main MR results`
       Exposure       MR Analysis Causal Estimate         Sd      T-stat
1 beta.exposure               Raw    -0.002715191 0.06681204 -0.04063925
2 beta.exposure Outlier-corrected    -0.020052467 0.05835296 -0.34364095
    P-value
1 0.9676887
2 0.7320778

$`MR-PRESSO results`
$`MR-PRESSO results`$`Global Test`
$`MR-PRESSO results`$`Global Test`$RSSobs
[1] 110.9554

$`MR-PRESSO results`$`Global Test`$Pvalue
[1] 0.0115


$`MR-PRESSO results`$`Outlier Test`
         RSSobs Pvalue
1  3.644921e-04      1
2  9.490226e-05      1
3  2.797653e-03      1
4  2.255348e-03      1
5  6.798745e-05      1
6  2.143474e-03      1
7  6.570153e-03      1
8  2.539268e-03      1
9  9.905701e-03      1
10 2.368502e-05      1
11 5.178528e-05      1
12 4.156254e-05      1
13 6.085957e-03      1
14 2.062067e-04      1
15 4.061873e-04      1
16 1.492284e-03      1
17 5.544444e-05      1
18 1.932730e-04      1
19 1.158817e-03      1
20 3.740526e-03      1
21 4.004242e-02      1
22 1.880752e-04      1
23 1.363050e-03      1
24 3.921069e-03      1
25 1.700971e-02      1
26 9.806717e-04      1
27 1.855152e-03      1
28 7.908641e-05      1
29 1.563851e-04      1
30 8.297993e-04      1
31 4.072807e-03      1
32 2.460470e-05      1
33 8.811124e-05      1
34 9.893162e-04      1
35 6.956231e-04      1
36 5.557234e-04      1
37 1.608717e-03      1
38 7.693780e-06      1
39 8.588800e-06      1
40 1.134490e-04      1
41 1.060071e-03      1
42 1.770943e-04      1
43 3.632324e-03      1
44 2.503203e-05      1
45 1.818467e-05      1
46 3.381422e-03      1
47 4.468935e-05      1
48 1.395921e-03      1
49 7.407891e-05      1
50 1.853964e-04      1
51 2.394296e-04      1
52 1.398760e-02 0.0156
53 7.734261e-04      1
54 2.329896e-04      1
55 1.031390e-02      1
56 1.526175e-02 0.0078
57 1.052346e-03      1
58 2.051936e-04      1
59 2.046714e-03      1
60 1.008447e-05      1
61 7.474352e-04      1
62 5.157835e-05      1
63 1.933529e-03      1
64 5.153148e-03 0.2652
65 7.308745e-04      1
66 3.523447e-04      1
67 1.074492e-03      1
68 1.830174e-04      1
69 3.665941e-04      1
70 7.833292e-04      1
71 3.440990e-06      1
72 6.934031e-03      1
73 4.812195e-03      1
74 3.163413e-04      1
75 6.707841e-06      1
76 1.569539e-05      1
77 1.084282e-03      1
78 4.797567e-03      1

$`MR-PRESSO results`$`Distortion Test`
$`MR-PRESSO results`$`Distortion Test`$`Outliers Indices`
[1] 52 56

$`MR-PRESSO results`$`Distortion Test`$`Distortion Coefficient`
beta.exposure 
     86.45956 

$`MR-PRESSO results`$`Distortion Test`$Pvalue
[1] 0.8344



