$`Main MR results`
       Exposure       MR Analysis Causal Estimate         Sd   T-stat
1 beta.exposure               Raw       0.5723177 0.09162645 6.246206
2 beta.exposure Outlier-corrected              NA         NA       NA
       P-value
1 1.064581e-09
2           NA

$`MR-PRESSO results`
$`MR-PRESSO results`$`Global Test`
$`MR-PRESSO results`$`Global Test`$RSSobs
[1] 463.7893

$`MR-PRESSO results`$`Global Test`$Pvalue
[1] 0.02792


$`MR-PRESSO results`$`Outlier Test`
          RSSobs  Pvalue
1   1.192981e-03       1
2   1.375601e-04       1
3   3.679526e-03       1
4   7.508581e-04       1
5   1.141726e-03       1
6   1.257435e-03       1
7   8.415262e-05       1
8   2.683772e-04       1
9   2.362263e-05       1
10  1.092212e-03       1
11  1.584001e-03       1
12  3.677704e-04       1
13  7.271229e-05       1
14  2.264427e-04       1
15  2.651185e-04       1
16  9.550172e-05       1
17  4.260983e-04       1
18  3.870025e-03       1
19  3.976461e-05       1
20  3.365640e-03       1
21  1.414552e-03       1
22  2.753841e-05       1
23  1.736234e-03       1
24  1.095689e-03       1
25  4.203595e-05       1
26  5.862090e-04       1
27  8.510090e-05       1
28  1.352742e-04       1
29  8.469216e-04       1
30  6.392988e-03       1
31  2.298909e-04       1
32  1.918374e-04       1
33  2.741873e-03       1
34  8.743187e-07       1
35  2.433738e-05       1
36  7.733570e-05       1
37  2.159954e-03       1
38  6.880482e-04       1
39  7.689637e-04       1
40  1.553854e-04       1
41  3.036260e-05       1
42  1.663838e-04       1
43  1.954563e-04       1
44  1.152741e-03       1
45  8.399563e-03       1
46  1.147717e-03       1
47  5.905482e-06       1
48  3.032588e-05       1
49  1.064515e-04       1
50  3.039365e-03       1
51  2.200170e-04       1
52  1.504040e-03       1
53  1.296495e-03       1
54  2.852888e-03       1
55  8.063747e-04       1
56  5.918416e-04       1
57  1.064199e-04       1
58  1.130441e-03       1
59  5.059760e-03       1
60  4.491687e-04       1
61  2.046136e-03       1
62  8.684140e-05       1
63  7.074504e-04       1
64  2.764118e-03       1
65  3.386493e-03       1
66  5.069682e-03       1
67  1.705577e-06       1
68  1.957682e-04       1
69  5.980912e-03       1
70  1.636228e-05       1
71  4.159885e-03       1
72  7.446842e-04       1
73  7.861471e-05       1
74  2.528652e-04       1
75  1.003745e-03       1
76  9.028616e-04       1
77  1.398346e-05       1
78  3.094404e-03       1
79  1.043093e-03       1
80  2.344159e-03       1
81  2.195859e-04       1
82  5.545358e-04       1
83  1.218703e-03       1
84  8.960946e-05       1
85  1.089944e-03       1
86  9.596530e-04       1
87  2.244842e-03       1
88  3.851379e-05       1
89  2.184045e-04       1
90  8.991926e-04       1
91  1.177657e-03       1
92  6.422818e-04       1
93  2.231974e-05       1
94  2.073903e-04       1
95  7.984058e-04       1
96  3.643689e-03       1
97  6.777939e-04       1
98  5.772562e-03       1
99  3.145844e-03       1
100 2.115417e-03       1
101 3.420701e-05       1
102 1.224104e-04       1
103 8.070470e-04       1
104 4.344934e-05       1
105 2.292027e-04       1
106 9.773418e-06       1
107 3.313462e-04       1
108 4.630356e-05       1
109 1.042062e-04       1
110 4.824823e-04       1
111 5.034636e-04       1
112 3.299901e-03       1
113 3.649513e-03       1
114 2.288631e-03       1
115 2.245046e-03       1
116 7.954096e-05       1
117 2.645023e-05       1
118 2.748209e-03       1
119 8.540962e-04       1
120 2.112159e-05       1
121 1.465953e-04       1
122 4.973509e-05       1
123 4.124836e-04       1
124 1.084639e-03       1
125 1.050042e-03       1
126 2.602595e-04       1
127 4.760857e-04       1
128 1.085615e-04       1
129 2.177988e-04       1
130 2.002326e-04       1
131 4.247377e-04       1
132 8.102071e-05       1
133 1.177778e-02       1
134 3.915076e-03       1
135 6.859865e-04       1
136 6.497345e-04       1
137 5.409640e-04       1
138 5.473301e-03       1
139 3.665822e-04       1
140 7.324619e-06       1
141 1.885470e-05       1
142 3.578694e-04       1
143 4.968486e-04       1
144 1.773278e-03       1
145 2.525748e-03       1
146 4.818659e-05       1
147 4.791105e-04       1
148 4.808931e-04       1
149 1.530375e-03       1
150 7.135567e-06       1
151 6.192872e-04       1
152 1.300617e-05       1
153 2.726464e-03       1
154 4.816867e-04       1
155 8.485038e-04       1
156 5.046211e-04       1
157 4.666255e-04       1
158 3.344769e-04       1
159 9.369985e-05       1
160 1.013853e-03       1
161 6.604532e-05       1
162 9.443803e-04       1
163 1.467653e-04       1
164 3.914255e-04       1
165 3.096288e-04       1
166 1.366651e-03       1
167 2.202722e-04       1
168 2.342749e-03       1
169 7.510274e-03 0.22736
170 4.231809e-03       1
171 6.130191e-04       1
172 1.444277e-03       1
173 3.123527e-04       1
174 6.142281e-05       1
175 2.019102e-03       1
176 2.617229e-03       1
177 5.088978e-05       1
178 1.079772e-03       1
179 1.872373e-03       1
180 1.078347e-04       1
181 3.630739e-05       1
182 2.203196e-07       1
183 2.624582e-03       1
184 2.182119e-05       1
185 9.448902e-05       1
186 4.948725e-04       1
187 3.939154e-03       1
188 3.836970e-03       1
189 2.602057e-04       1
190 5.821403e-04       1
191 9.835868e-05       1
192 9.884428e-05       1
193 1.572749e-03       1
194 3.108733e-03       1
195 5.227509e-06       1
196 1.836957e-03       1
197 1.111231e-03       1
198 7.505894e-05       1
199 6.779054e-05       1
200 2.278343e-04       1
201 1.369979e-03       1
202 1.994956e-04       1
203 1.494839e-04       1
204 3.104152e-05       1
205 8.120424e-04       1
206 6.900842e-03       1
207 6.946736e-04       1
208 5.508766e-03       1
209 8.631259e-04       1
210 1.695739e-04       1
211 1.979826e-04       1
212 8.780112e-04       1
213 5.957325e-06       1
214 3.038364e-04       1
215 4.622729e-04       1
216 6.328294e-04       1
217 1.225617e-03       1
218 1.057427e-05       1
219 1.057632e-03       1
220 4.780041e-04       1
221 7.405646e-04       1
222 2.421666e-04       1
223 9.231140e-04       1
224 1.302951e-03       1
225 4.946207e-05       1
226 4.838663e-04       1
227 1.549594e-04       1
228 2.619795e-04       1
229 2.158078e-06       1
230 2.176676e-03       1
231 9.633535e-04       1
232 6.938321e-03       1
233 3.213915e-04       1
234 8.848588e-05       1
235 3.247355e-04       1
236 6.971154e-04       1
237 2.355284e-05       1
238 2.964546e-04       1
239 1.577101e-04       1
240 1.874155e-04       1
241 6.982101e-04       1
242 4.184468e-04       1
243 6.505860e-04       1
244 1.484280e-04       1
245 1.771004e-04       1
246 2.687495e-05       1
247 3.713231e-04       1
248 6.248826e-05       1
249 2.738433e-03       1
250 2.128244e-03       1
251 3.914110e-04       1
252 1.918632e-03       1
253 2.494614e-05       1
254 1.517996e-03       1
255 1.543014e-03       1
256 4.214589e-04       1
257 2.647908e-04       1
258 2.497733e-04       1
259 7.389568e-05       1
260 4.761769e-05       1
261 3.482144e-03       1
262 4.491499e-04       1
263 3.102374e-04       1
264 2.094426e-03       1
265 7.076336e-05       1
266 2.086259e-03       1
267 3.095111e-04       1
268 2.487628e-04       1
269 2.273281e-04       1
270 8.197151e-05       1
271 3.550560e-04       1
272 1.400805e-05       1
273 1.487123e-03       1
274 8.234324e-05       1
275 2.979361e-08       1
276 1.466847e-03       1
277 3.922028e-03       1
278 5.196747e-04       1
279 1.563947e-03       1
280 2.166524e-03       1
281 1.339791e-03       1
282 2.051461e-04       1
283 1.815948e-04       1
284 5.914594e-05       1
285 5.454622e-03       1
286 2.244215e-08       1
287 1.684048e-03       1
288 8.964072e-04       1
289 5.369078e-04       1
290 6.510987e-04       1
291 9.404968e-05       1
292 1.005386e-03       1
293 1.279200e-03       1
294 3.646406e-04       1
295 1.480107e-05       1
296 1.748417e-03       1
297 1.234291e-03       1
298 3.253070e-04       1
299 4.445629e-05       1
300 1.135150e-06       1
301 8.248797e-04       1
302 2.305185e-06       1
303 2.000872e-04       1
304 8.374254e-04       1
305 6.420264e-04       1
306 2.854062e-04       1
307 3.222466e-05       1
308 8.525001e-04       1
309 1.560102e-04       1
310 4.660091e-04       1
311 1.609103e-04       1
312 2.746258e-03       1
313 3.049203e-04       1
314 4.412561e-04       1
315 9.020117e-05       1
316 2.896064e-04       1
317 1.264389e-03       1
318 4.395669e-04       1
319 5.844766e-04       1
320 1.140432e-05       1
321 5.862297e-04       1
322 5.874106e-04       1
323 2.928700e-04       1
324 1.649252e-04       1
325 3.973527e-05       1
326 1.545369e-03       1
327 1.933750e-02       1
328 1.197776e-04       1
329 8.162107e-04       1
330 1.895325e-04       1
331 7.540524e-06       1
332 5.365260e-04       1
333 9.863125e-06       1
334 1.658666e-05       1
335 5.971471e-04       1
336 1.184143e-04       1
337 7.987025e-05       1
338 6.410617e-04       1
339 4.380838e-06       1
340 1.151379e-04       1
341 1.476432e-03       1
342 2.027490e-03       1
343 1.306265e-06       1
344 1.634576e-03       1
345 1.110919e-03       1
346 2.733480e-04       1
347 2.902388e-06       1
348 6.844914e-05       1
349 8.836964e-04       1
350 3.033433e-04       1
351 1.702172e-03       1
352 4.694778e-03       1
353 9.666909e-05       1
354 1.005226e-03       1
355 2.712695e-04       1
356 1.448044e-03       1
357 2.617990e-05       1
358 5.422981e-04       1
359 2.519504e-03       1
360 2.425666e-03       1
361 1.670334e-03       1
362 1.233502e-04       1
363 5.767000e-04       1
364 1.018753e-03       1
365 6.622850e-05       1
366 1.059167e-03       1
367 2.267433e-05       1
368 6.598236e-05       1
369 1.703079e-04       1
370 1.677973e-03       1
371 1.431379e-04       1
372 6.230385e-06       1
373 7.373455e-04       1
374 2.293344e-04       1
375 2.657738e-03       1
376 7.750618e-04       1
377 3.026042e-04       1
378 4.631720e-06       1
379 1.367709e-03       1
380 1.487070e-04       1
381 4.329889e-04       1
382 7.293838e-04       1
383 2.343706e-03       1
384 1.221453e-03       1
385 5.064785e-05       1
386 3.772340e-05       1
387 5.703915e-04       1
388 7.825878e-04       1
389 1.242559e-03       1
390 4.553501e-04       1
391 9.650722e-05       1
392 2.902236e-04       1
393 2.487556e-05       1
394 9.198320e-06       1
395 1.183252e-03       1
396 1.319060e-04       1
397 1.236134e-03       1
398 6.178354e-04       1
399 7.682823e-04       1
400 4.058750e-04       1
401 1.656894e-03       1
402 7.337482e-03       1
403 3.363956e-03       1
404 2.336285e-03       1
405 2.396958e-03       1
406 1.678416e-05       1

$`MR-PRESSO results`$`Distortion Test`
$`MR-PRESSO results`$`Distortion Test`$`Outliers Indices`
[1] "No significant outliers"

$`MR-PRESSO results`$`Distortion Test`$`Distortion Coefficient`
[1] NA

$`MR-PRESSO results`$`Distortion Test`$Pvalue
[1] NA



