$`Main MR results`
       Exposure       MR Analysis Causal Estimate         Sd      T-stat
1 beta.exposure               Raw    -0.002538338 0.03312835 -0.07662132
2 beta.exposure Outlier-corrected              NA         NA          NA
   P-value
1 0.939121
2       NA

$`MR-PRESSO results`
$`MR-PRESSO results`$`Global Test`
$`MR-PRESSO results`$`Global Test`$RSSobs
[1] 105.6408

$`MR-PRESSO results`$`Global Test`$Pvalue
[1] 0.0326


$`MR-PRESSO results`$`Outlier Test`
         RSSobs Pvalue
1  4.402344e-04      1
2  7.050255e-04      1
3  2.579838e-03  0.316
4  1.506858e-05      1
5  4.623625e-04      1
6  3.611563e-04      1
7  5.176534e-04      1
8  8.131603e-04      1
9  6.776351e-04      1
10 1.232982e-04      1
11 1.592843e-04      1
12 1.233417e-03      1
13 3.991717e-05      1
14 7.040104e-07      1
15 4.726262e-03      1
16 8.448872e-04      1
17 4.359436e-05      1
18 5.093134e-04      1
19 1.883935e-03      1
20 1.040187e-03      1
21 1.056391e-04      1
22 5.103506e-05      1
23 8.894086e-05      1
24 3.262805e-04      1
25 1.220118e-05      1
26 7.313854e-05      1
27 3.778903e-05      1
28 4.737895e-03 0.1264
29 3.011736e-04      1
30 1.465220e-04      1
31 7.800052e-04      1
32 3.833797e-05      1
33 6.490159e-04      1
34 2.701914e-04      1
35 1.061327e-05      1
36 9.446455e-04      1
37 4.626188e-10      1
38 1.817979e-04      1
39 1.209587e-04      1
40 4.513051e-03 0.1027
41 4.265003e-04      1
42 1.872880e-06      1
43 9.363945e-04      1
44 3.513205e-04      1
45 7.969828e-03 0.6952
46 4.281309e-04      1
47 6.051050e-04      1
48 4.414495e-03 0.4029
49 7.454587e-05      1
50 1.725132e-04      1
51 2.071855e-04      1
52 1.184017e-04      1
53 3.593828e-04      1
54 4.855710e-06      1
55 6.083557e-05      1
56 1.143942e-05      1
57 1.464893e-03      1
58 2.833368e-04      1
59 3.770806e-06      1
60 5.195886e-05      1
61 1.472748e-06      1
62 1.585969e-04      1
63 6.170537e-05      1
64 1.318475e-03      1
65 1.550877e-03      1
66 1.540210e-06      1
67 5.737771e-04      1
68 8.260935e-04      1
69 5.006232e-05      1
70 9.771974e-04      1
71 4.988515e-03      1
72 1.118665e-03      1
73 1.909027e-04      1
74 1.557034e-05      1
75 3.413334e-04      1
76 3.454253e-04      1
77 2.811643e-05      1
78 2.336408e-04      1
79 5.092311e-04      1

$`MR-PRESSO results`$`Distortion Test`
$`MR-PRESSO results`$`Distortion Test`$`Outliers Indices`
[1] "No significant outliers"

$`MR-PRESSO results`$`Distortion Test`$`Distortion Coefficient`
[1] NA

$`MR-PRESSO results`$`Distortion Test`$Pvalue
[1] NA



