$`Main MR results`
       Exposure       MR Analysis Causal Estimate         Sd    T-stat
1 beta.exposure               Raw      0.02185338 0.03515487 0.6216315
2 beta.exposure Outlier-corrected      0.01437562 0.03338120 0.4306501
    P-value
1 0.5354040
2 0.6675288

$`MR-PRESSO results`
$`MR-PRESSO results`$`Global Test`
$`MR-PRESSO results`$`Global Test`$RSSobs
[1] 149.7724

$`MR-PRESSO results`$`Global Test`$Pvalue
[1] 0.0267


$`MR-PRESSO results`$`Outlier Test`
          RSSobs  Pvalue
1   1.129445e-04       1
2   1.032881e-04       1
3   8.550578e-04       1
4   9.104069e-04       1
5   3.833054e-03       1
6   2.722995e-03       1
7   1.977140e-04       1
8   9.583414e-04       1
9   6.439886e-06       1
10  1.393221e-04       1
11  5.061139e-05       1
12  1.173971e-04       1
13  7.435327e-04       1
14  3.851396e-04       1
15  6.709876e-04       1
16  1.625691e-04       1
17  5.337255e-04       1
18  7.084897e-04       1
19  1.139842e-05       1
20  2.356117e-05       1
21  2.682344e-03       1
22  2.260037e-03       1
23  3.203768e-03       1
24  8.058727e-05       1
25  1.150985e-05       1
26  7.350552e-05       1
27  5.011444e-04       1
28  2.525005e-03       1
29  6.667212e-04       1
30  7.966640e-05       1
31  1.886969e-04       1
32  1.263322e-04       1
33  1.420930e-04       1
34  1.512658e-03       1
35  9.268445e-04       1
36  5.394188e-07       1
37  5.608475e-04       1
38  1.503842e-04       1
39  3.096450e-03       1
40  1.825006e-03       1
41  4.248426e-03  0.3393
42  4.753091e-04       1
43  1.041385e-02       1
44  7.570946e-04       1
45  6.472936e-03       1
46  3.314188e-04       1
47  2.832603e-03       1
48  1.710310e-05       1
49  7.173850e-04       1
50  2.051434e-06       1
51  5.141131e-04       1
52  4.570113e-05       1
53  2.649482e-04       1
54  1.975634e-03       1
55  8.683115e-04       1
56  1.071490e-04       1
57  1.148923e-04       1
58  1.331960e-03       1
59  5.526175e-04       1
60  9.108971e-05       1
61  1.334999e-03       1
62  5.663295e-05       1
63  8.438499e-06       1
64  1.144754e-04       1
65  1.198543e-05       1
66  1.234579e-04       1
67  8.923210e-07       1
68  3.517714e-04       1
69  2.924199e-04       1
70  6.255676e-04       1
71  9.198013e-05       1
72  2.954465e-05       1
73  1.778311e-07       1
74  3.027502e-05       1
75  7.885510e-05       1
76  1.464078e-04       1
77  7.535252e-04       1
78  5.983799e-04       1
79  1.534723e-04       1
80  1.034398e-04       1
81  8.293114e-03 <0.0117
82  1.453453e-03       1
83  1.034932e-05       1
84  1.001529e-04       1
85  3.820286e-04       1
86  1.576203e-07       1
87  4.285890e-04       1
88  8.047962e-05       1
89  1.756156e-03       1
90  7.388663e-04       1
91  9.422476e-04       1
92  1.278960e-04       1
93  1.341304e-03       1
94  1.547772e-04       1
95  6.945867e-04       1
96  1.146775e-05       1
97  7.622484e-05       1
98  3.311826e-04       1
99  1.586721e-03       1
100 5.858283e-04       1
101 4.224638e-04       1
102 5.153271e-05       1
103 1.344763e-04       1
104 1.953094e-03       1
105 1.710828e-04       1
106 8.302008e-04       1
107 4.747127e-04       1
108 2.344395e-03       1
109 2.141499e-03       1
110 9.197888e-04       1
111 1.089131e-05       1
112 7.306850e-04       1
113 4.555050e-04       1
114 4.408136e-03       1
115 4.095657e-05       1
116 5.787452e-04       1
117 2.257353e-05       1

$`MR-PRESSO results`$`Distortion Test`
$`MR-PRESSO results`$`Distortion Test`$`Outliers Indices`
[1] 81

$`MR-PRESSO results`$`Distortion Test`$`Distortion Coefficient`
beta.exposure 
     52.01696 

$`MR-PRESSO results`$`Distortion Test`$Pvalue
[1] 0.6178



