$`Main MR results`
       Exposure       MR Analysis Causal Estimate         Sd     T-stat
1 beta.exposure               Raw     -0.01442629 0.03585683 -0.4023303
2 beta.exposure Outlier-corrected     -0.03988692 0.02815801 -1.4165388
    P-value
1 0.6884509
2 0.1603157

$`MR-PRESSO results`
$`MR-PRESSO results`$`Global Test`
$`MR-PRESSO results`$`Global Test`$RSSobs
[1] 146.3308

$`MR-PRESSO results`$`Global Test`$Pvalue
[1] 1e-04


$`MR-PRESSO results`$`Outlier Test`
         RSSobs  Pvalue
1  1.371985e-04       1
2  7.009897e-05       1
3  4.642496e-04       1
4  5.664184e-05       1
5  4.789399e-05       1
6  8.909280e-06       1
7  2.540059e-04       1
8  1.183632e-03       1
9  1.709704e-04       1
10 9.719725e-05       1
11 1.144792e-03       1
12 2.502391e-07       1
13 2.607994e-04       1
14 4.758120e-05       1
15 9.405467e-05       1
16 7.767022e-05       1
17 1.987584e-04       1
18 7.041623e-06       1
19 8.454684e-06       1
20 4.401947e-05       1
21 2.392708e-04       1
22 1.048242e-04       1
23 2.146769e-04       1
24 3.082512e-04       1
25 3.110257e-04       1
26 2.209038e-03   0.301
27 6.682980e-06       1
28 8.028955e-06       1
29 1.450247e-04       1
30 9.786700e-06       1
31 6.745264e-06       1
32 5.967457e-04       1
33 5.347311e-04       1
34 7.784436e-05       1
35 2.732415e-05       1
36 8.780863e-05       1
37 9.130575e-05       1
38 1.622142e-05       1
39 1.417611e-04       1
40 2.611787e-04       1
41 5.061615e-04       1
42 4.035532e-05       1
43 5.631120e-04       1
44 2.073499e-03       1
45 3.607539e-08       1
46 3.050137e-05       1
47 8.942655e-07       1
48 6.370893e-04       1
49 2.544650e-05       1
50 1.229063e-04       1
51 5.381662e-04       1
52 6.631291e-05       1
53 1.098424e-07       1
54 5.046111e-04       1
55 1.952422e-04       1
56 1.801357e-03  0.2064
57 3.137608e-04       1
58 1.876953e-04       1
59 1.164090e-02 <0.0086
60 4.493096e-06       1
61 2.444476e-04       1
62 2.121861e-04       1
63 8.506987e-06       1
64 6.536607e-05       1
65 3.978288e-05       1
66 1.991389e-04       1
67 1.166445e-04       1
68 9.442977e-05       1
69 3.286908e-05       1
70 3.066907e-06       1
71 3.605202e-07       1
72 4.049369e-05       1
73 1.115497e-04       1
74 6.244974e-05       1
75 7.674684e-03       1
76 6.705362e-05       1
77 1.807831e-06       1
78 1.371604e-05       1
79 1.407694e-04       1
80 2.637769e-05       1
81 5.699661e-06       1
82 3.689872e-04       1
83 4.283572e-06       1
84 5.970596e-04       1
85 8.067835e-04       1
86 3.898149e-04       1

$`MR-PRESSO results`$`Distortion Test`
$`MR-PRESSO results`$`Distortion Test`$`Outliers Indices`
[1] 59

$`MR-PRESSO results`$`Distortion Test`$`Distortion Coefficient`
beta.exposure 
     63.83203 

$`MR-PRESSO results`$`Distortion Test`$Pvalue
[1] 0.5637



