$`Main MR results`
       Exposure       MR Analysis Causal Estimate          Sd    T-stat
1 beta.exposure               Raw     0.003410415 0.006984001 0.4883182
2 beta.exposure Outlier-corrected              NA          NA        NA
    P-value
1 0.6255975
2        NA

$`MR-PRESSO results`
$`MR-PRESSO results`$`Global Test`
$`MR-PRESSO results`$`Global Test`$RSSobs
[1] 479.4882

$`MR-PRESSO results`$`Global Test`$Pvalue
[1] 0.0022


$`MR-PRESSO results`$`Outlier Test`
          RSSobs  Pvalue
1   1.085659e-05       1
2   2.060740e-05       1
3   2.205583e-04       1
4   7.417379e-03 0.91176
5   1.859283e-03       1
6   1.241631e-05       1
7   4.559564e-03       1
8   2.177800e-04       1
9   2.119351e-03       1
10  1.231389e-03       1
11  1.298099e-03       1
12  3.298177e-05       1
13  4.005567e-05       1
14  6.923437e-06       1
15  4.382885e-05       1
16  3.772130e-04       1
17  8.616584e-04       1
18  3.835382e-04       1
19  1.722005e-04       1
20  1.178334e-03       1
21  5.361537e-06       1
22  2.664446e-04       1
23  2.080190e-04       1
24  2.264783e-04       1
25  2.800334e-04       1
26  1.235712e-03       1
27  1.408626e-04       1
28  2.328378e-03       1
29  4.217770e-04       1
30  3.664246e-04       1
31  2.488641e-04       1
32  1.734228e-03       1
33  3.013702e-04       1
34  8.883113e-04       1
35  1.524711e-03       1
36  9.753447e-03       1
37  1.175667e-03       1
38  3.037612e-04       1
39  7.819917e-04       1
40  5.546956e-03       1
41  5.323297e-04       1
42  1.565700e-04       1
43  4.387803e-04       1
44  5.525055e-03       1
45  7.015069e-04       1
46  1.370720e-04       1
47  1.479235e-03       1
48  3.484532e-04       1
49  1.400445e-03       1
50  2.318345e-04       1
51  6.528402e-05       1
52  7.997603e-04       1
53  1.278374e-03       1
54  7.041023e-06       1
55  1.256832e-03       1
56  3.373534e-03       1
57  1.715072e-01       1
58  4.671962e-04       1
59  4.296489e-04       1
60  4.363043e-04       1
61  7.744117e-04       1
62  7.629068e-04       1
63  6.119073e-05       1
64  3.834490e-04       1
65  1.002860e-03       1
66  1.838478e-04       1
67  1.425830e-05       1
68  2.245097e-04       1
69  2.640146e-03       1
70  3.401557e-04       1
71  4.882043e-05       1
72  1.463936e-03       1
73  3.538190e-04       1
74  1.426041e-04       1
75  3.014358e-05       1
76  8.602256e-04       1
77  8.831228e-03       1
78  9.160028e-04       1
79  1.602460e-04       1
80  8.455426e-04       1
81  2.685850e-03       1
82  2.699510e-04       1
83  1.639222e-03       1
84  1.011662e-05       1
85  3.217048e-06       1
86  1.453975e-05       1
87  7.226218e-03       1
88  4.065329e-04       1
89  1.868350e-03       1
90  3.696646e-04       1
91  6.006809e-04       1
92  3.208538e-04       1
93  2.433954e-04       1
94  1.295745e-04       1
95  2.930089e-04       1
96  1.059842e-03       1
97  2.137040e-03       1
98  8.310054e-04       1
99  6.993092e-06       1
100 4.825758e-04       1
101 4.193456e-03       1
102 5.176208e-03       1
103 5.359406e-04       1
104 3.916404e-04       1
105 1.690535e-04       1
106 1.409775e-03       1
107 9.756897e-04       1
108 2.770801e-04       1
109 1.664215e-03       1
110 1.161031e-04       1
111 1.617331e-04       1
112 1.500339e-04       1
113 6.412772e-06       1
114 1.950313e-04       1
115 6.508155e-04       1
116 5.962815e-07       1
117 3.636634e-04       1
118 2.228081e-03       1
119 3.920462e-04       1
120 7.726300e-06       1
121 6.169773e-04       1
122 4.935633e-05       1
123 7.733328e-07       1
124 1.290973e-03       1
125 6.398459e-04       1
126 4.801109e-04       1
127 9.421422e-04       1
128 2.230854e-03       1
129 4.971293e-04       1
130 7.032810e-04       1
131 7.672905e-05       1
132 8.332017e-04       1
133 1.831468e-04       1
134 1.157847e-03       1
135 2.497473e-03       1
136 2.165769e-03       1
137 1.116053e-03       1
138 7.570608e-03 0.29868
139 8.433615e-04       1
140 1.224470e-04       1
141 1.523271e-03       1
142 8.983749e-04       1
143 6.364361e-03       1
144 1.035297e-04       1
145 7.486386e-04       1
146 4.443562e-06       1
147 1.221164e-04       1
148 2.530315e-04       1
149 7.644129e-06       1
150 4.044957e-03       1
151 5.701949e-04       1
152 4.358672e-04       1
153 5.624336e-04       1
154 1.323359e-04       1
155 3.590948e-03       1
156 3.860486e-04       1
157 2.248940e-06       1
158 4.343602e-04       1
159 2.875294e-03       1
160 3.219112e-04       1
161 2.730224e-03       1
162 9.800394e-04       1
163 3.617569e-04       1
164 2.699379e-03       1
165 8.901669e-06       1
166 1.994375e-04       1
167 4.686288e-04       1
168 7.989896e-04       1
169 5.166821e-05       1
170 3.542340e-04       1
171 3.742071e-04       1
172 5.255584e-04       1
173 3.289976e-06       1
174 4.255367e-04       1
175 5.277618e-04       1
176 2.364077e-03       1
177 2.135491e-04       1
178 3.896001e-04       1
179 1.507218e-06       1
180 1.449093e-03       1
181 4.732938e-04       1
182 3.068241e-04       1
183 1.001371e-03       1
184 2.450873e-04       1
185 7.954148e-08       1
186 5.924541e-04       1
187 6.446988e-05       1
188 4.337483e-04       1
189 2.426685e-04       1
190 3.268552e-04       1
191 4.530506e-03       1
192 4.128203e-05       1
193 6.273331e-04       1
194 1.193789e-03       1
195 1.078336e-03       1
196 1.241716e-03       1
197 9.763575e-04       1
198 2.283661e-03       1
199 9.930998e-04       1
200 9.882496e-04       1
201 1.173601e-03       1
202 1.540047e-03       1
203 6.379170e-04       1
204 2.121735e-04       1
205 3.420484e-04       1
206 1.247296e-04       1
207 9.941898e-05       1
208 9.176383e-06       1
209 1.396726e-04       1
210 1.643873e-04       1
211 7.388241e-04       1
212 5.958643e-06       1
213 1.039249e-04       1
214 2.169143e-04       1
215 1.124227e-03       1
216 1.944163e-04       1
217 7.952050e-04       1
218 2.459731e-04       1
219 4.697738e-05       1
220 4.173742e-04       1
221 2.026104e-05       1
222 2.701418e-03       1
223 6.946802e-04       1
224 8.149609e-04       1
225 3.840220e-04       1
226 9.376776e-04       1
227 5.461758e-03       1
228 5.379575e-05       1
229 9.164616e-04       1
230 1.022584e-05       1
231 1.329695e-04       1
232 7.841364e-03       1
233 1.450921e-05       1
234 2.397798e-03       1
235 4.742978e-05       1
236 2.764963e-04       1
237 2.198983e-04       1
238 4.467528e-04       1
239 3.056498e-04       1
240 6.443904e-05       1
241 2.302404e-06       1
242 4.693597e-04       1
243 1.545388e-03       1
244 1.019015e-03       1
245 3.339245e-03       1
246 1.209856e-04       1
247 8.106227e-04       1
248 5.136380e-04       1
249 2.170820e-02       1
250 1.542901e-06       1
251 2.872456e-04       1
252 4.291369e-04       1
253 7.969473e-04       1
254 9.350517e-05       1
255 3.211496e-04       1
256 1.484886e-03       1
257 5.604772e-04       1
258 1.131701e-04       1
259 2.938198e-04       1
260 2.175454e-03       1
261 6.224457e-03       1
262 2.064706e-03       1
263 2.119024e-03       1
264 1.615264e-04       1
265 3.051384e-04       1
266 1.281773e-04       1
267 1.894710e-03       1
268 5.349757e-04       1
269 5.638228e-06       1
270 1.041096e-02       1
271 1.305454e-04       1
272 1.211395e-05       1
273 3.696327e-04       1
274 1.907943e-03       1
275 2.099869e-05       1
276 6.748618e-04       1
277 6.645124e-05       1
278 2.029588e-03       1
279 3.655105e-04       1
280 1.373057e-03       1
281 8.446988e-04       1
282 2.079019e-06       1
283 4.580826e-05       1
284 1.267612e-04       1
285 4.362479e-07       1
286 6.398488e-03       1
287 3.878798e-04       1
288 2.150753e-04       1
289 1.058639e-03       1
290 1.356412e-03       1
291 7.715487e-03 0.09432
292 2.707457e-03       1
293 4.547161e-04       1
294 1.383650e-03       1
295 1.384579e-04       1
296 1.841037e-06       1
297 1.585550e-03       1
298 3.305911e-04       1
299 6.188918e-05       1
300 8.526690e-04       1
301 1.554215e-03       1
302 5.104915e-04       1
303 2.882526e-04       1
304 2.759959e-04       1
305 4.005159e-04       1
306 1.450399e-04       1
307 2.078385e-03       1
308 7.159075e-03       1
309 2.558690e-03       1
310 2.554079e-03       1
311 1.301969e-03       1
312 8.938878e-05       1
313 2.786157e-04       1
314 1.044650e-06       1
315 2.058574e-05       1
316 5.256300e-04       1
317 1.263422e-03       1
318 1.522029e-04       1
319 2.270970e-03       1
320 2.514085e-05       1
321 2.675030e-03       1
322 5.436782e-04       1
323 3.403420e-04       1
324 4.814310e-04       1
325 7.203350e-04       1
326 1.203715e-03       1
327 3.426759e-04       1
328 1.054481e-03       1
329 2.657374e-04       1
330 1.033719e-05       1
331 5.366486e-06       1
332 6.904984e-04       1
333 1.230344e-03       1
334 8.905659e-04       1
335 1.410034e-04       1
336 1.017222e-03       1
337 4.913883e-04       1
338 6.724601e-06       1
339 1.467222e-03       1
340 1.439546e-03       1
341 2.548403e-04       1
342 1.733027e-03       1
343 4.621827e-04       1
344 1.389854e-05       1
345 2.915577e-05       1
346 1.632931e-05       1
347 3.284173e-04       1
348 1.599141e-03       1
349 1.629833e-03       1
350 1.255606e-01       1
351 4.248834e-04       1
352 2.140620e-03       1
353 4.264590e-03       1
354 2.074013e-04       1
355 7.945804e-04       1
356 5.932904e-04       1
357 1.591510e-03       1
358 9.647109e-05       1
359 1.848754e-03       1
360 1.794606e-05       1
361 6.639532e-03       1
362 1.559631e-03       1
363 3.657527e-04       1
364 3.824041e-06       1
365 6.257602e-07       1
366 1.376886e-04       1
367 8.217529e-04       1
368 2.137410e-04       1
369 3.819249e-06       1
370 8.414017e-06       1
371 1.276352e-04       1
372 1.086230e-04       1
373 4.235288e-05       1
374 3.493847e-04       1
375 3.684681e-03       1
376 9.497219e-08       1
377 3.176470e-04       1
378 1.083216e-03       1
379 5.467303e-04       1
380 4.800511e-04       1
381 1.755233e-05       1
382 1.695199e-03       1
383 2.295426e-05       1
384 2.890349e-04       1
385 1.189956e-04       1
386 2.485278e-05       1
387 1.134956e-03       1
388 2.685063e-04       1
389 4.913867e-05       1
390 3.484557e-05       1
391 1.648270e-04       1
392 7.368568e-06       1
393 2.086725e-07       1

$`MR-PRESSO results`$`Distortion Test`
$`MR-PRESSO results`$`Distortion Test`$`Outliers Indices`
[1] "No significant outliers"

$`MR-PRESSO results`$`Distortion Test`$`Distortion Coefficient`
[1] NA

$`MR-PRESSO results`$`Distortion Test`$Pvalue
[1] NA



