$`Main MR results`
       Exposure       MR Analysis Causal Estimate         Sd     T-stat
1 beta.exposure               Raw     0.035277967 0.08835417 0.39927904
2 beta.exposure Outlier-corrected     0.001372407 0.08395353 0.01634722
    P-value
1 0.6906891
2 0.9869962

$`MR-PRESSO results`
$`MR-PRESSO results`$`Global Test`
$`MR-PRESSO results`$`Global Test`$RSSobs
[1] 114.5549

$`MR-PRESSO results`$`Global Test`$Pvalue
[1] 0.0282


$`MR-PRESSO results`$`Outlier Test`
         RSSobs Pvalue
1  6.933377e-05      1
2  4.276896e-03      1
3  5.266464e-04      1
4  9.443687e-06      1
5  3.528359e-03      1
6  2.537323e-03      1
7  3.998391e-03      1
8  2.485840e-05      1
9  5.621963e-03      1
10 9.162905e-04      1
11 8.376924e-03      1
12 2.984954e-03      1
13 1.399523e-03      1
14 1.338982e-03      1
15 1.154983e-03      1
16 4.582095e-03      1
17 5.015843e-03      1
18 1.315549e-06      1
19 8.150138e-04      1
20 1.689744e-03      1
21 8.006010e-04      1
22 2.715556e-04      1
23 4.877875e-04      1
24 2.948796e-02      1
25 1.826062e-04      1
26 5.705479e-03      1
27 2.378501e-04      1
28 3.754621e-04      1
29 4.550304e-03      1
30 4.184322e-06      1
31 8.668070e-04      1
32 2.923734e-03      1
33 2.096672e-03      1
34 3.014774e-03      1
35 1.204156e-04      1
36 1.057397e-05      1
37 7.100497e-04      1
38 7.493340e-03      1
39 3.976286e-05      1
40 3.136036e-06      1
41 3.564745e-04      1
42 2.346506e-04      1
43 2.773122e-03      1
44 1.254659e-03      1
45 1.415054e-03      1
46 1.420919e-02      1
47 1.351362e-03      1
48 9.505932e-05      1
49 8.068733e-06      1
50 4.883454e-05      1
51 3.480755e-03      1
52 1.201585e-02 0.0946
53 1.953323e-03      1
54 1.389873e-04      1
55 3.506918e-04      1
56 1.158125e-02 0.6364
57 8.744155e-05      1
58 1.896270e-04      1
59 2.196470e-02 0.0172
60 2.506308e-05      1
61 9.102194e-05      1
62 1.191739e-02  0.215
63 8.874461e-04      1
64 8.805247e-05      1
65 4.245769e-04      1
66 1.437905e-03      1
67 5.430341e-04      1
68 3.402540e-04      1
69 1.257673e-03      1
70 8.296344e-06      1
71 2.382388e-03      1
72 4.138687e-04      1
73 3.154569e-04      1
74 1.922479e-03      1
75 1.068435e-02      1
76 8.474281e-04      1
77 1.328349e-03      1
78 1.530321e-04      1
79 6.517618e-05      1
80 1.483751e-04      1
81 1.476586e-02      1
82 4.943131e-04      1
83 1.099311e-03      1
84 2.034545e-04      1
85 4.875894e-03      1
86 2.743126e-03      1

$`MR-PRESSO results`$`Distortion Test`
$`MR-PRESSO results`$`Distortion Test`$`Outliers Indices`
[1] 59

$`MR-PRESSO results`$`Distortion Test`$`Distortion Coefficient`
beta.exposure 
     2470.518 

$`MR-PRESSO results`$`Distortion Test`$Pvalue
[1] 0.0145



