$`Main MR results`
       Exposure       MR Analysis Causal Estimate         Sd     T-stat
1 beta.exposure               Raw    -0.007754347 0.01426106 -0.5437426
2 beta.exposure Outlier-corrected              NA         NA         NA
    P-value
1 0.5869479
2        NA

$`MR-PRESSO results`
$`MR-PRESSO results`$`Global Test`
$`MR-PRESSO results`$`Global Test`$RSSobs
[1] 429.2337

$`MR-PRESSO results`$`Global Test`$Pvalue
[1] 0.01804


$`MR-PRESSO results`$`Outlier Test`
          RSSobs  Pvalue
1   2.781469e-03       1
2   5.318934e-03       1
3   4.358830e-04       1
4   3.976316e-04       1
5   5.384962e-05       1
6   5.785744e-03       1
7   9.301016e-05       1
8   1.253367e-02       1
9   1.462557e-03       1
10  1.348924e-02       1
11  1.384519e-04       1
12  8.346291e-03       1
13  5.913323e-03       1
14  5.224880e-05       1
15  1.530139e-04       1
16  5.080780e-03       1
17  3.127111e-05       1
18  1.247987e-03       1
19  2.570583e-06       1
20  8.284223e-04       1
21  6.563220e-04       1
22  1.514056e-03       1
23  3.278096e-03       1
24  1.121190e-03       1
25  2.798309e-03       1
26  2.009957e-04       1
27  7.655228e-02       1
28  1.259306e-03       1
29  3.881257e-03       1
30  1.213918e-03       1
31  4.229765e-03       1
32  1.925560e-03       1
33  2.023514e-06       1
34  7.241376e-05       1
35  8.839378e-04       1
36  4.591970e-05       1
37  2.926723e-03       1
38  1.861184e-03       1
39  8.782164e-03       1
40  5.039343e-06       1
41  5.356047e-04       1
42  6.369619e-03       1
43  5.317163e-04       1
44  9.619935e-04       1
45  1.310758e-03       1
46  1.849263e-04       1
47  8.288970e-03       1
48  9.997977e-04       1
49  5.970998e-06       1
50  7.056597e-05       1
51  2.458115e-03       1
52  1.776877e-05       1
53  7.574890e-05       1
54  1.121109e-02       1
55  9.318592e-03       1
56  1.494000e-03       1
57  8.779786e-04       1
58  2.237069e-03       1
59  1.802130e-03       1
60  2.156972e-07       1
61  5.896477e-03       1
62  1.352881e-03       1
63  5.808739e-05       1
64  2.546250e-03       1
65  4.601508e-04       1
66  2.308973e-03       1
67  8.122425e-04       1
68  7.337825e-03       1
69  1.356322e-03       1
70  6.794059e-04       1
71  2.805213e-03       1
72  4.511636e-04       1
73  7.377111e-04       1
74  4.124997e-04       1
75  2.189633e-04       1
76  2.690598e-03       1
77  8.412018e-03       1
78  2.208332e-04       1
79  8.256753e-05       1
80  4.990433e-03       1
81  9.563101e-04       1
82  9.128235e-03       1
83  5.429208e-03       1
84  3.515529e-03       1
85  6.509464e-03       1
86  1.654929e-03       1
87  1.974669e-03       1
88  1.897967e-05       1
89  7.494591e-04       1
90  3.587520e-04       1
91  1.503536e-03       1
92  1.204620e-03       1
93  2.583496e-03       1
94  4.789920e-04       1
95  6.200315e-04       1
96  2.061429e-04       1
97  1.792328e-03       1
98  2.758822e-02       1
99  3.687336e-03       1
100 3.387027e-03       1
101 2.021417e-04       1
102 3.484525e-03       1
103 8.130267e-03       1
104 1.448340e-03       1
105 6.632317e-03       1
106 1.009615e-02       1
107 1.470129e-04       1
108 1.280136e-03       1
109 8.163582e-03       1
110 2.242711e-03       1
111 2.239669e-03       1
112 4.174104e-05       1
113 5.739309e-04       1
114 2.630993e-03       1
115 1.844095e-04       1
116 2.271029e-04       1
117 4.095984e-03       1
118 1.517459e-03       1
119 9.231057e-06       1
120 1.951835e-02       1
121 1.348807e-02       1
122 1.647824e-04       1
123 1.509836e-03       1
124 6.849306e-06       1
125 3.039929e-03       1
126 7.543191e-04       1
127 4.988782e-03       1
128 2.041509e-01       1
129 1.081115e-03       1
130 3.311679e-03       1
131 9.605207e-03       1
132 2.510486e-03       1
133 5.451689e-03       1
134 1.313496e-03       1
135 5.017952e-03       1
136 4.538440e-03       1
137 5.704662e-05       1
138 2.612333e-06       1
139 2.630990e-03       1
140 1.485277e-02       1
141 3.752170e-03       1
142 1.165062e-03       1
143 6.178475e-03       1
144 7.924933e-03       1
145 4.486267e-03       1
146 4.008817e-05       1
147 8.014377e-07       1
148 1.154440e-02       1
149 4.719778e-03       1
150 4.192125e-03       1
151 5.697165e-03       1
152 2.678705e-03       1
153 7.663713e-03       1
154 8.094169e-05       1
155 4.814903e-04       1
156 6.357332e-03       1
157 1.053395e-03       1
158 1.005535e-03       1
159 8.075560e-04       1
160 2.207889e-04       1
161 3.538058e-04       1
162 1.691599e-03       1
163 7.686538e-04       1
164 9.284958e-04       1
165 6.922675e-04       1
166 3.703806e-03       1
167 2.020133e-04       1
168 1.456844e-03       1
169 1.175270e-02       1
170 5.876415e-04       1
171 3.030254e-04       1
172 1.656089e-03       1
173 1.839717e-03       1
174 1.110130e-03       1
175 3.738302e-04       1
176 1.014244e-05       1
177 5.596294e-03       1
178 1.733931e-03       1
179 2.555387e-03       1
180 4.872183e-04       1
181 6.983554e-04       1
182 5.319001e-03       1
183 4.239350e-04       1
184 5.881829e-03       1
185 1.549431e-03       1
186 1.000395e-03       1
187 3.432081e-05       1
188 3.953822e-03       1
189 2.026746e-05       1
190 1.302506e-04       1
191 5.305771e-03       1
192 4.375550e-02       1
193 5.647952e-03       1
194 9.885279e-05       1
195 9.779912e-05       1
196 1.126897e-02       1
197 4.589252e-03       1
198 1.736278e-03       1
199 4.825927e-06       1
200 5.522547e-04       1
201 5.993414e-04       1
202 2.457652e-05       1
203 4.110137e-03       1
204 6.036772e-03       1
205 8.210694e-04       1
206 1.290467e-03       1
207 1.744024e-05       1
208 2.050948e-03       1
209 1.433643e-04       1
210 1.661812e-03       1
211 1.065506e-03       1
212 1.251574e-07       1
213 2.399681e-05       1
214 1.102176e-05       1
215 2.788906e-03       1
216 8.228224e-04       1
217 6.185662e-03       1
218 2.637058e-02       1
219 6.928702e-03       1
220 8.212562e-03       1
221 2.304769e-04       1
222 1.637352e-02       1
223 6.821673e-04       1
224 2.098832e-02       1
225 2.096608e-03       1
226 1.431133e-03       1
227 4.306895e-04       1
228 5.909821e-03       1
229 1.564141e-03       1
230 5.053728e-04       1
231 8.031651e-03       1
232 4.513463e-03       1
233 3.943876e-04       1
234 9.451083e-03       1
235 1.250122e-03       1
236 2.809300e-03       1
237 1.006465e-02       1
238 2.749987e-03       1
239 1.128642e-04       1
240 5.828828e-03       1
241 2.316950e-03       1
242 6.842521e-03       1
243 5.858249e-10       1
244 7.436670e-03       1
245 2.021990e-04       1
246 6.942499e-04       1
247 3.565187e-04       1
248 5.707474e-05       1
249 5.471765e-03       1
250 2.734589e-03       1
251 1.249395e-03       1
252 1.379877e-04       1
253 2.973225e-02       1
254 4.095208e-04       1
255 1.718871e-04       1
256 7.088249e-03       1
257 7.177505e-05       1
258 1.196632e-02       1
259 1.308279e-03       1
260 8.025676e-06       1
261 9.565370e-04       1
262 2.526426e-02       1
263 1.168099e-04       1
264 1.208954e-01       1
265 5.888449e-04       1
266 1.928920e-05       1
267 1.243675e-03       1
268 1.555951e-04       1
269 7.552362e-04       1
270 9.628240e-04       1
271 8.024854e-04       1
272 2.481452e-03       1
273 2.733990e-03       1
274 3.570182e-04       1
275 1.212541e-03       1
276 8.406777e-04       1
277 4.014262e-04       1
278 2.241783e-03       1
279 9.768808e-04       1
280 1.804673e-03       1
281 1.929919e-03       1
282 2.379951e-04       1
283 1.784776e-02       1
284 7.142814e-03       1
285 7.014920e-04       1
286 1.233738e-02  0.1476
287 1.308423e-03       1
288 2.758637e-05       1
289 3.003569e-04       1
290 5.498325e-03       1
291 1.544783e-03       1
292 4.845739e-04       1
293 2.091952e-02       1
294 2.174939e-05       1
295 1.649614e-02       1
296 1.146282e-03       1
297 1.733868e-03       1
298 1.222304e-03       1
299 2.551540e-04       1
300 9.619761e-05       1
301 1.410449e-02       1
302 8.181987e-04       1
303 8.114031e-02       1
304 2.286470e-03       1
305 4.357506e-02       1
306 2.328750e-03       1
307 5.257630e-03       1
308 4.293062e-04       1
309 2.029334e-03       1
310 1.720629e-03       1
311 8.708601e-03       1
312 9.976950e-05       1
313 5.998074e-04       1
314 2.389513e-03       1
315 1.991082e-02       1
316 4.800126e-04       1
317 4.116244e-06       1
318 8.359317e-03       1
319 4.242054e-03       1
320 5.210539e-03       1
321 8.877805e-03       1
322 6.616339e-04       1
323 1.097146e-03       1
324 1.052210e-03       1
325 7.783276e-08       1
326 7.041749e-03       1
327 3.121666e-04       1
328 1.139954e-02       1
329 1.261472e-03       1
330 2.014893e-04       1
331 1.636584e-03       1
332 2.077458e-03       1
333 9.522298e-04       1
334 7.089239e-03       1
335 1.959345e-03       1
336 8.254362e-04       1
337 4.919316e-03       1
338 3.017215e-05       1
339 1.105148e-03       1
340 2.239814e-03       1
341 2.893493e-04       1
342 5.946179e-05       1
343 2.153228e-04       1
344 2.314756e-03       1
345 6.514052e-03       1
346 2.281417e-02       1
347 2.882315e-03       1
348 1.185897e-03       1
349 1.467618e-03       1
350 1.925306e-03       1
351 1.907124e-03       1
352 1.283281e-04       1
353 1.318973e-04       1
354 4.341573e-03       1
355 8.502605e-04       1
356 9.670574e-04       1
357 2.905707e-03       1
358 5.734918e-04       1
359 2.714275e-04       1
360 2.796608e-04       1
361 1.005705e-03       1
362 2.620893e-03       1
363 7.389322e-07       1
364 1.353829e-04       1
365 3.794947e-03       1
366 7.938949e-05       1
367 1.789373e-03       1
368 9.616271e-04       1
369 9.911900e-03 0.82656

$`MR-PRESSO results`$`Distortion Test`
$`MR-PRESSO results`$`Distortion Test`$`Outliers Indices`
[1] "No significant outliers"

$`MR-PRESSO results`$`Distortion Test`$`Distortion Coefficient`
[1] NA

$`MR-PRESSO results`$`Distortion Test`$Pvalue
[1] NA



