$`Main MR results`
       Exposure       MR Analysis Causal Estimate        Sd    T-stat
1 beta.exposure               Raw      -0.2344816 0.1418804 -1.652671
2 beta.exposure Outlier-corrected      -0.2911289 0.1353377 -2.151130
     P-value
1 0.10287659
2 0.03496995

$`MR-PRESSO results`
$`MR-PRESSO results`$`Global Test`
$`MR-PRESSO results`$`Global Test`$RSSobs
[1] 107.6235

$`MR-PRESSO results`$`Global Test`$Pvalue
[1] 0.0064


$`MR-PRESSO results`$`Outlier Test`
         RSSobs Pvalue
1  3.435315e-04      1
2  1.808722e-03 0.7952
3  1.936827e-04      1
4  2.861357e-04      1
5  1.190169e-04      1
6  3.766620e-06      1
7  1.012741e-04      1
8  5.263434e-05      1
9  9.955256e-04      1
10 1.579848e-03      1
11 1.105034e-05      1
12 1.626334e-04      1
13 8.095094e-05      1
14 1.911103e-03      1
15 2.879976e-05      1
16 2.204507e-05      1
17 1.688869e-04      1
18 1.787395e-04      1
19 3.009121e-04      1
20 1.670704e-03 0.5183
21 2.553036e-03 0.0639
22 7.500554e-05      1
23 8.415320e-04      1
24 4.429290e-04      1
25 3.196337e-04      1
26 5.291124e-04      1
27 5.698491e-05      1
28 6.239029e-05      1
29 2.614670e-05      1
30 4.049968e-04      1
31 1.813166e-04      1
32 8.411721e-06      1
33 8.670903e-06      1
34 3.537160e-05      1
35 1.266253e-03      1
36 3.746272e-04      1
37 2.528927e-05      1
38 2.359616e-04      1
39 4.829561e-04      1
40 6.174055e-05      1
41 4.622981e-05      1
42 4.182428e-04      1
43 9.767790e-04      1
44 6.106910e-05      1
45 9.719814e-04      1
46 2.580426e-04      1
47 9.920732e-05      1
48 7.691684e-05      1
49 1.680935e-03      1
50 2.721105e-05      1
51 7.027742e-05      1
52 2.807728e-04      1
53 3.934923e-05      1
54 3.679675e-04      1
55 4.413715e-04      1
56 4.467094e-04      1
57 2.609311e-04      1
58 3.075875e-04      1
59 1.135087e-04      1
60 1.884051e-03      1
61 2.666193e-03 0.0284
62 2.422131e-05      1
63 7.311298e-05      1
64 2.980327e-06      1
65 3.897055e-06      1
66 6.988396e-05      1
67 9.333729e-06      1
68 9.921158e-05      1
69 8.409250e-04      1
70 9.957146e-04      1
71 9.554261e-06      1

$`MR-PRESSO results`$`Distortion Test`
$`MR-PRESSO results`$`Distortion Test`$`Outliers Indices`
[1] 61

$`MR-PRESSO results`$`Distortion Test`$`Distortion Coefficient`
beta.exposure 
     19.45781 

$`MR-PRESSO results`$`Distortion Test`$Pvalue
[1] 0.7204



