$`Main MR results`
       Exposure       MR Analysis Causal Estimate         Sd   T-stat   P-value
1 beta.exposure               Raw      0.02574397 0.02087710 1.233120 0.2217154
2 beta.exposure Outlier-corrected      0.02080232 0.01957116 1.062906 0.2915845

$`MR-PRESSO results`
$`MR-PRESSO results`$`Global Test`
$`MR-PRESSO results`$`Global Test`$RSSobs
[1] 105.7393

$`MR-PRESSO results`$`Global Test`$Pvalue
[1] 0.0058


$`MR-PRESSO results`$`Outlier Test`
         RSSobs Pvalue
1  7.051135e-06      1
2  2.755951e-07      1
3  8.832230e-04      1
4  2.099260e-03      1
5  1.219627e-03      1
6  3.022473e-03  0.441
7  2.225980e-02  0.168
8  5.586815e-05      1
9  2.248158e-03      1
10 1.640167e-03      1
11 2.500042e-03      1
12 8.743844e-04      1
13 2.797592e-03      1
14 2.394036e-03      1
15 1.505993e-04      1
16 7.153482e-04      1
17 1.015558e-05      1
18 1.625395e-04      1
19 1.394517e-04      1
20 6.458568e-04      1
21 2.966684e-06      1
22 1.074560e-05      1
23 6.383545e-06      1
24 5.810559e-04      1
25 1.108472e-04      1
26 4.218049e-04      1
27 4.286427e-04      1
28 1.862409e-03      1
29 1.014695e-04      1
30 1.439689e-03      1
31 6.866002e-04      1
32 4.067786e-04      1
33 7.344170e-04      1
34 1.412108e-01  0.021
35 4.177881e-03      1
36 1.270123e-04      1
37 9.166075e-04      1
38 1.059339e-05      1
39 1.604739e-03      1
40 2.429840e-04      1
41 1.208184e-03      1
42 5.653899e-04      1
43 3.921791e-05      1
44 2.587867e-04      1
45 2.727371e-04      1
46 2.059731e-03      1
47 3.205813e-06      1
48 1.240048e-04      1
49 1.826440e-03      1
50 1.989978e-05      1
51 1.822348e-04      1
52 3.609577e-06      1
53 1.325966e-04      1
54 3.499216e-05      1
55 2.594731e-04      1
56 1.357703e-04      1
57 1.819502e-03      1
58 1.383755e-05      1
59 2.609223e-03      1
60 1.207052e-03      1
61 5.980552e-05      1
62 2.512217e-03      1
63 2.498930e-04      1
64 2.212385e-03      1
65 5.406612e-05      1
66 8.419442e-05      1
67 1.290722e-04      1
68 5.200254e-04      1
69 3.481823e-04      1
70 9.411255e-04      1

$`MR-PRESSO results`$`Distortion Test`
$`MR-PRESSO results`$`Distortion Test`$`Outliers Indices`
[1] 34

$`MR-PRESSO results`$`Distortion Test`$`Distortion Coefficient`
beta.exposure 
     23.75532 

$`MR-PRESSO results`$`Distortion Test`$Pvalue
[1] 0.7507



