$`Main MR results`
       Exposure       MR Analysis Causal Estimate         Sd    T-stat
1 beta.exposure               Raw      -0.1458689 0.04708988 -3.097670
2 beta.exposure Outlier-corrected      -0.1817400 0.04108657 -4.423343
       P-value
1 2.879485e-03
2 3.924591e-05

$`MR-PRESSO results`
$`MR-PRESSO results`$`Global Test`
$`MR-PRESSO results`$`Global Test`$RSSobs
[1] 91.97402

$`MR-PRESSO results`$`Global Test`$Pvalue
[1] 0.0289


$`MR-PRESSO results`$`Outlier Test`
         RSSobs Pvalue
1  8.792758e-03 0.0264
2  2.166994e-04      1
3  7.606164e-06      1
4  9.258700e-06      1
5  4.158887e-05      1
6  3.080283e-05      1
7  3.170318e-04      1
8  3.253332e-03      1
9  1.703212e-04      1
10 4.223959e-04      1
11 1.613652e-04      1
12 2.135121e-04      1
13 1.011892e-04      1
14 2.059292e-05      1
15 4.950054e-05      1
16 2.149024e-04      1
17 9.500196e-03 0.0462
18 1.474746e-03      1
19 6.472537e-04      1
20 1.645073e-05      1
21 1.525430e-05      1
22 1.685728e-05      1
23 4.421632e-04      1
24 2.539876e-05      1
25 9.056380e-05      1
26 2.291333e-06      1
27 6.435719e-03 0.2574
28 1.047683e-03      1
29 3.162909e-05      1
30 2.226150e-08      1
31 7.028984e-06      1
32 1.518825e-05      1
33 1.505846e-04      1
34 5.056196e-04      1
35 8.181549e-04      1
36 1.924277e-06      1
37 1.280786e-02      1
38 1.001802e-05      1
39 8.910627e-05      1
40 4.197871e-04      1
41 4.504336e-03      1
42 1.972771e-05      1
43 6.007033e-07      1
44 2.047718e-03      1
45 4.686858e-04      1
46 2.932468e-06      1
47 2.585086e-04      1
48 1.036363e-04      1
49 4.308494e-07      1
50 8.905306e-04      1
51 1.594503e-05      1
52 2.711854e-05      1
53 1.304212e-04      1
54 3.397702e-03      1
55 1.534029e-05      1
56 9.805355e-04      1
57 2.123640e-04      1
58 1.793735e-03      1
59 2.924696e-03  0.792
60 3.048394e-03      1
61 3.362639e-04      1
62 1.156176e-04      1
63 1.525056e-06      1
64 1.105999e-03      1
65 3.969326e-05      1
66 6.030366e-04      1

$`MR-PRESSO results`$`Distortion Test`
$`MR-PRESSO results`$`Distortion Test`$`Outliers Indices`
[1]  1 17

$`MR-PRESSO results`$`Distortion Test`$`Distortion Coefficient`
beta.exposure 
     19.73759 

$`MR-PRESSO results`$`Distortion Test`$Pvalue
[1] 0.4602



