SNP	CHROM	POS	REF	ALT	AF	BETA	SE	Z	P	N	TRAIT
rs6733839	2	127892810	C	T	0.3997	-0.0030195	0.016199	-0.18640039508611642	0.8521	127637	covid_vs._lab/self-reported_negative
rs114812713	6	41034000	G	C	0.09183	-0.08312699999999999	0.057258	-1.451797128785497	0.1466	125805	covid_vs._lab/self-reported_negative
rs1385742	6	47595155	A	T	0.5849	0.016531	0.019851	0.8327540174298524	0.405	57700	covid_vs._lab/self-reported_negative
rs11767557	7	143109139	T	C	0.241	0.0026414999999999998	0.019318000000000002	0.13673775753183556	0.8912	127275	covid_vs._lab/self-reported_negative
rs73223431	8	27219987	C	T	0.3659	0.0038921	0.016638	0.23392835677365068	0.815	127637	covid_vs._lab/self-reported_negative
rs867230	8	27468503	C	A	0.5933	-0.007106100000000001	0.016074	-0.44208659947741696	0.6584	127637	covid_vs._lab/self-reported_negative
rs12416487	10	11721057	A	T	0.6127	-0.040123	0.016186000000000002	-2.4788706289385884	0.01318	127637	covid_vs._lab/self-reported_negative
rs3740688	11	47380340	G	T	0.5446	-0.015043	0.015934	-0.9440818375800176	0.3451	126937	covid_vs._lab/self-reported_negative
rs1582763	11	60021948	G	A	0.3711	-0.038959	0.01684	-2.313479809976247	0.02069	127637	covid_vs._lab/self-reported_negative
rs3851179	11	85868640	T	C	0.6374	-0.029276999999999997	0.016595	-1.7642060861705333	0.0777	127637	covid_vs._lab/self-reported_negative
rs11218343	11	121435587	T	C	0.1035	-0.019962	0.03826	-0.521745948771563	0.6019	127637	covid_vs._lab/self-reported_negative
rs12590654	14	92938855	G	A	0.3585	0.040496	0.019596000000000002	2.066544192692386	0.03878	91561	covid_vs._lab/self-reported_negative
rs679515	NA	NA	NA	NA	NA	NA	NA	NA	NA	NA	NA
rs34665982	NA	NA	NA	NA	NA	NA	NA	NA	NA	NA	NA
rs12151021	NA	NA	NA	NA	NA	NA	NA	NA	NA	NA	NA
rs111358663	NA	NA	NA	NA	NA	NA	NA	NA	NA	NA	NA
rs4803765	NA	NA	NA	NA	NA	NA	NA	NA	NA	NA	NA
rs12972156	NA	NA	NA	NA	NA	NA	NA	NA	NA	NA	NA
rs117310449	NA	NA	NA	NA	NA	NA	NA	NA	NA	NA	NA
rs73033507	NA	NA	NA	NA	NA	NA	NA	NA	NA	NA	NA
rs114533385	NA	NA	NA	NA	NA	NA	NA	NA	NA	NA	NA
rs139995984	NA	NA	NA	NA	NA	NA	NA	NA	NA	NA	NA
