$`Main MR results`
       Exposure       MR Analysis Causal Estimate         Sd     T-stat
1 beta.exposure               Raw     -0.06679354 0.07101497 -0.9405558
2 beta.exposure Outlier-corrected              NA         NA         NA
    P-value
1 0.3495669
2        NA

$`MR-PRESSO results`
$`MR-PRESSO results`$`Global Test`
$`MR-PRESSO results`$`Global Test`$RSSobs
[1] 121.6949

$`MR-PRESSO results`$`Global Test`$Pvalue
[1] 0.0134


$`MR-PRESSO results`$`Outlier Test`
         RSSobs Pvalue
1  8.758336e-03 0.7917
2  8.439038e-04      1
3  9.581993e-04      1
4  7.760566e-04      1
5  3.861600e-04      1
6  2.629573e-04      1
7  1.682582e-04      1
8  1.458243e-04      1
9  1.646483e-03      1
10 7.536512e-04      1
11 2.632162e-03      1
12 6.206901e-06      1
13 2.717835e-03      1
14 6.799078e-05      1
15 5.719979e-03      1
16 2.281617e-03      1
17 1.037813e-04      1
18 1.048146e-02      1
19 1.521514e-03      1
20 5.578484e-04      1
21 3.429545e-03      1
22 7.538696e-03      1
23 3.086004e-03      1
24 1.798395e-04      1
25 5.210688e-04      1
26 3.827210e-03      1
27 6.762968e-04      1
28 5.206272e-05      1
29 3.322178e-08      1
30 4.721850e-05      1
31 1.232202e-04      1
32 1.108396e-04      1
33 1.940134e-04      1
34 1.346141e-03      1
35 2.206969e-03      1
36 3.914241e-07      1
37 1.432462e-03      1
38 3.119972e-04      1
39 1.440039e-03      1
40 9.774385e-05      1
41 2.867150e-03      1
42 5.182381e-08      1
43 3.742391e-05      1
44 3.227600e-04      1
45 4.994155e-04      1
46 3.582919e-05      1
47 2.219030e-03      1
48 5.215721e-04      1
49 5.432993e-04      1
50 8.242935e-04      1
51 2.221483e-03      1
52 9.175249e-06      1
53 4.417317e-06      1
54 2.381304e-03      1
55 3.404900e-03      1
56 1.407779e-04      1
57 4.493868e-03      1
58 8.455004e-04      1
59 4.928810e-03 0.7482
60 1.002102e-04      1
61 9.595466e-07      1
62 9.734373e-04      1
63 1.252523e-04      1
64 1.751935e-03      1
65 4.371859e-05      1
66 3.793822e-04      1
67 5.775243e-04      1
68 1.529754e-03      1
69 2.364668e-04      1
70 3.414554e-05      1
71 1.082448e-03      1
72 9.855880e-04      1
73 3.433806e-03      1
74 4.857018e-04      1
75 2.281242e-04      1
76 3.973936e-04      1
77 7.308500e-05      1
78 4.488197e-06      1
79 3.021697e-04      1
80 7.782413e-03      1
81 1.234646e-03      1
82 6.554047e-03      1
83 1.545451e-04      1
84 3.782612e-05      1
85 2.835849e-04      1
86 1.261612e-03      1
87 3.132481e-04      1

$`MR-PRESSO results`$`Distortion Test`
$`MR-PRESSO results`$`Distortion Test`$`Outliers Indices`
[1] "No significant outliers"

$`MR-PRESSO results`$`Distortion Test`$`Distortion Coefficient`
[1] NA

$`MR-PRESSO results`$`Distortion Test`$Pvalue
[1] NA



