SNP	CHROM	POS	REF	ALT	AF	BETA	SE	Z	P	N	TRAIT
rs2240336	1	17674402	C	T	0.4196	0.0025845	0.012763	0.2024994123638643	0.8395	1362519	covid_vs._population
rs28411352	1	38278579	C	T	0.2675	-0.028576999999999998	0.014847999999999998	-1.9246363146551726	0.054270000000000006	1362519	covid_vs._population
rs2476601	1	114377568	A	G	0.877	0.0050531000000000005	0.023581	0.2142869259149315	0.8303	1328496	covid_vs._population
rs61828284	1	173299743	C	T	0.07813	0.027884	0.024766	1.1258984091092628	0.2602	1350292	covid_vs._population
rs34695944	2	61124850	T	C	0.3501	-0.014131	0.013836000000000001	-1.0213211910956923	0.3071	1362519	covid_vs._population
rs2661798	2	65635688	A	T	0.4219	-0.012808000000000002	0.013872999999999998	-0.9232321776111875	0.3559	1352463	covid_vs._population
rs9653442	2	100825367	C	T	0.5247	-0.025351	0.012758	-1.9870669383915973	0.04691	1362819	covid_vs._population
rs13426947	2	191933254	G	A	0.2067	-0.0024349	0.015923	-0.1529171638510331	0.8785	1362519	covid_vs._population
rs3087243	2	204738919	G	A	0.412	-0.0045177	0.012948	-0.3489110287303059	0.7272	1361855	covid_vs._population
rs4452313	3	17047032	A	T	0.306	0.0043135	0.014130000000000002	0.3052724699221514	0.7602	1355517	covid_vs._population
rs9310852	3	27784997	A	G	0.4751	-0.0012649	0.014068	-0.08991327836224054	0.9284	1338403	covid_vs._population
rs73081554	3	58302935	C	T	0.07355	-0.020871	0.029485	-0.7078514498897744	0.479	1345855	covid_vs._population
rs7731626	5	55444683	G	A	0.3479	-0.017281	0.013387999999999999	-1.2907827905587095	0.1968	1361855	covid_vs._population
rs2561477	5	102608924	G	A	0.3064	0.0064545	0.014998	0.43035738098413123	0.6669	1352463	covid_vs._population
rs75599496	6	29205139	G	A	0.06941	-0.0025191	0.029506	-0.08537585575815088	0.932	1362819	covid_vs._population
rs73432769	6	30716170	C	T	0.0294	0.003747	0.034048	0.11005051691729323	0.9124	1362519	covid_vs._population
rs7754520	6	31906505	C	T	0.09456	0.0058802	0.021075999999999998	0.2789998102106662	0.7802	1361854	covid_vs._population
rs9296009	6	32114515	A	T	0.2194	0.0021261	0.017003	0.12504263953419986	0.9005	1352463	covid_vs._population
rs2858329	6	32658801	A	G	0.4534	-0.028243	0.018893	-1.4948922881490498	0.1349	875797	covid_vs._population
rs9277398	6	33051280	T	C	0.3028	1.6119e-4	0.015733	0.010245344181020783	0.9918	1335113	covid_vs._population
rs9277956	6	33211790	G	C	0.1483	-0.011543000000000001	0.019315	-0.597618431271033	0.5501	1086337	covid_vs._population
rs3799963	6	44231479	G	C	0.05388	-0.011793999999999999	0.034857	-0.3383538457124824	0.7351	1282548	covid_vs._population
rs17264332	6	138005515	A	G	0.2025	-0.031405	0.016482	-1.905411964567407	0.056720000000000007	1356211	covid_vs._population
rs212389	6	159489791	G	A	0.6405	0.0041945	0.013274000000000001	0.31599367183968663	0.752	1361855	covid_vs._population
rs1571878	6	167540842	C	T	0.5584	0.0088063	0.012809000000000001	0.6875087828870324	0.4918	1362519	covid_vs._population
rs3778753	7	128580042	A	G	0.4558	0.0059141	0.013482	0.43866636997478126	0.6609	1289279	covid_vs._population
rs11574914	9	34710338	G	A	0.3177	0.011395	0.015346	0.7425387723185195	0.4578	1333006	covid_vs._population
rs10985070	9	123636121	C	A	0.5459	0.034707	0.013746000000000001	2.5248799650807507	0.01157	1325048	covid_vs._population
rs9603608	13	40318819	A	C	0.3453	-0.0032020000000000004	0.014731000000000001	-0.21736474102233386	0.8279	1353399	covid_vs._population
rs13330176	16	86019087	T	A	0.2268	-0.02021	0.016114	-1.2541889040585825	0.2098	1352463	covid_vs._population
rs592390	18	12822314	T	C	0.4391	-0.0028326999999999996	0.013266	-0.21353083069500978	0.8309	1362519	covid_vs._population
rs4239702	20	44749251	T	C	0.7249	-0.0014601	0.014269	-0.1023267222650501	0.9185	1362519	covid_vs._population
rs8133843	21	36738242	G	A	0.618	0.012005	0.013819	0.8687314566900645	0.385	1352463	covid_vs._population
rs225433	21	43809418	C	G	0.2384	0.0025861	0.019398	0.1333178678214249	0.8939	1321317	covid_vs._population
rs187786174	NA	NA	NA	NA	NA	NA	NA	NA	NA	NA	NA
rs34046593	NA	NA	NA	NA	NA	NA	NA	NA	NA	NA	NA
rs706778	NA	NA	NA	NA	NA	NA	NA	NA	NA	NA	NA
rs537544	NA	NA	NA	NA	NA	NA	NA	NA	NA	NA	NA
rs12764378	NA	NA	NA	NA	NA	NA	NA	NA	NA	NA	NA
rs10790268	NA	NA	NA	NA	NA	NA	NA	NA	NA	NA	NA
rs8032939	NA	NA	NA	NA	NA	NA	NA	NA	NA	NA	NA
rs8026898	NA	NA	NA	NA	NA	NA	NA	NA	NA	NA	NA
rs59716545	NA	NA	NA	NA	NA	NA	NA	NA	NA	NA	NA
rs74956615	NA	NA	NA	NA	NA	NA	NA	NA	NA	NA	NA
rs2069235	NA	NA	NA	NA	NA	NA	NA	NA	NA	NA	NA
