$`Main MR results`
       Exposure       MR Analysis Causal Estimate         Sd   T-stat
1 beta.exposure               Raw      0.06085050 0.02581402 2.357265
2 beta.exposure Outlier-corrected      0.07013616 0.02352982 2.980735
      P-value
1 0.021252713
2 0.003986681

$`MR-PRESSO results`
$`MR-PRESSO results`$`Global Test`
$`MR-PRESSO results`$`Global Test`$RSSobs
[1] 100.4534

$`MR-PRESSO results`$`Global Test`$Pvalue
[1] 0.0149


$`MR-PRESSO results`$`Outlier Test`
         RSSobs Pvalue
1  1.867284e-04      1
2  1.445150e-03      1
3  5.184211e-05      1
4  2.134207e-05      1
5  2.044180e-04      1
6  3.819511e-03  0.861
7  1.665114e-02      1
8  9.846456e-05      1
9  5.371766e-04      1
10 4.414160e-04      1
11 1.874747e-04      1
12 3.913150e-03      1
13 1.991202e-03      1
14 6.114871e-04      1
15 1.024235e-04      1
16 1.569585e-03      1
17 1.761104e-04      1
18 3.038473e-04      1
19 7.710018e-04      1
20 5.152466e-04      1
21 1.439591e-04      1
22 1.098386e-03      1
23 6.257762e-04      1
24 3.582513e-03      1
25 6.486408e-04      1
26 6.359323e-04      1
27 1.054658e-04      1
28 2.225648e-03      1
29 2.707911e-04      1
30 2.446297e-05      1
31 7.382959e-04      1
32 3.367180e-04      1
33 3.268094e-04      1
34 1.371413e-01  0.098
35 4.456575e-03      1
36 6.738008e-04      1
37 8.273460e-04      1
38 4.690236e-05      1
39 1.800906e-04      1
40 4.123586e-04      1
41 8.423565e-04      1
42 1.597704e-05      1
43 1.920014e-05      1
44 1.307447e-04      1
45 8.847552e-05      1
46 8.276224e-03  0.343
47 5.987676e-04      1
48 2.201619e-05      1
49 5.606154e-04      1
50 1.212427e-04      1
51 7.690098e-04      1
52 7.067591e-04      1
53 5.662108e-04      1
54 2.982769e-04      1
55 4.031004e-04      1
56 1.321641e-03      1
57 3.043144e-03      1
58 1.456295e-04      1
59 8.090355e-03  0.063
60 1.160834e-02 <0.007
61 1.999007e-06      1
62 6.159967e-03      1
63 2.308466e-04      1
64 2.155615e-04      1
65 2.779135e-03      1
66 3.260902e-04      1
67 5.563302e-04      1
68 9.999083e-04      1
69 3.184364e-06      1
70 1.919142e-05      1

$`MR-PRESSO results`$`Distortion Test`
$`MR-PRESSO results`$`Distortion Test`$`Outliers Indices`
[1] 60

$`MR-PRESSO results`$`Distortion Test`$`Distortion Coefficient`
beta.exposure 
    -13.23949 

$`MR-PRESSO results`$`Distortion Test`$Pvalue
[1] 0.7059



