$`Main MR results`
       Exposure       MR Analysis Causal Estimate         Sd      T-stat
1 beta.exposure               Raw     0.006669715 0.03532071  0.18883299
2 beta.exposure Outlier-corrected    -0.002542197 0.03198878 -0.07947154
    P-value
1 0.8505537
2 0.9367957

$`MR-PRESSO results`
$`MR-PRESSO results`$`Global Test`
$`MR-PRESSO results`$`Global Test`$RSSobs
[1] 162.287

$`MR-PRESSO results`$`Global Test`$Pvalue
[1] 0.0041


$`MR-PRESSO results`$`Outlier Test`
          RSSobs  Pvalue
1   2.205940e-03       1
2   3.484624e-04       1
3   3.469593e-04       1
4   9.471646e-05       1
5   1.886960e-04       1
6   1.078996e-03       1
7   1.022224e-04       1
8   7.303744e-04       1
9   1.741571e-04       1
10  4.460806e-04       1
11  1.192896e-04       1
12  6.085397e-04       1
13  6.435327e-05       1
14  4.429317e-05       1
15  2.617353e-06       1
16  5.422981e-03  0.3744
17  1.680495e-05       1
18  6.943859e-05       1
19  2.289165e-04       1
20  6.520199e-04       1
21  3.887550e-05       1
22  2.200188e-04       1
23  2.341857e-03       1
24  4.383700e-03       1
25  4.892052e-04       1
26  3.033800e-04       1
27  1.137230e-04       1
28  1.351405e-06       1
29  1.430439e-04       1
30  1.305178e-03       1
31  1.724582e-04       1
32  4.671152e-04       1
33  4.978958e-04       1
34  1.019380e-04       1
35  6.427740e-05       1
36  5.274203e-06       1
37  1.095916e-03       1
38  9.607070e-04       1
39  1.431051e-03       1
40  8.771928e-05       1
41  4.960850e-04       1
42  2.086319e-03       1
43  2.509006e-03       1
44  2.327146e-03       1
45  1.086860e-03       1
46  2.022404e-07       1
47  7.601946e-05       1
48  5.738345e-05       1
49  1.525575e-03       1
50  1.131712e-03       1
51  1.663556e-04       1
52  3.617480e-03       1
53  2.148238e-03       1
54  1.560628e-05       1
55  3.104489e-04       1
56  7.955942e-05       1
57  1.189228e-03       1
58  2.797218e-05       1
59  1.207053e-04       1
60  1.047930e-03       1
61  2.268883e-04       1
62  2.052196e-03       1
63  2.450292e-05       1
64  5.498609e-04       1
65  2.201681e-03       1
66  3.966821e-04       1
67  6.620393e-05       1
68  1.566997e-04       1
69  1.644197e-03       1
70  7.585182e-04       1
71  5.661451e-05       1
72  6.381830e-05       1
73  5.025054e-04       1
74  8.674470e-06       1
75  2.036715e-03       1
76  3.604929e-04       1
77  3.238757e-06       1
78  1.483009e-03       1
79  5.234601e-03       1
80  5.972331e-04       1
81  1.669266e-02 <0.0117
82  2.936305e-05       1
83  8.458613e-04       1
84  3.457357e-04       1
85  4.968164e-04       1
86  1.652769e-04       1
87  5.420081e-05       1
88  1.041532e-05       1
89  1.328242e-03       1
90  9.599500e-06       1
91  1.024401e-03       1
92  3.780009e-04       1
93  3.074087e-05       1
94  6.044831e-04       1
95  4.455479e-04       1
96  1.115476e-04       1
97  3.132436e-04       1
98  2.015261e-06       1
99  7.728691e-04       1
100 3.249968e-06       1
101 2.531934e-05       1
102 5.213765e-06       1
103 1.298001e-03       1
104 2.246639e-03       1
105 6.771666e-04       1
106 1.566006e-03       1
107 2.450162e-07       1
108 3.837560e-04       1
109 7.428326e-04       1
110 4.582108e-04       1
111 4.176029e-04       1
112 6.589201e-05       1
113 5.584965e-04       1
114 3.040466e-03       1
115 5.111840e-04       1
116 1.054897e-03       1
117 2.570235e-04       1

$`MR-PRESSO results`$`Distortion Test`
$`MR-PRESSO results`$`Distortion Test`$`Outliers Indices`
[1] 81

$`MR-PRESSO results`$`Distortion Test`$`Distortion Coefficient`
beta.exposure 
     362.3602 

$`MR-PRESSO results`$`Distortion Test`$Pvalue
[1] 0.0507



