$`Main MR results`
       Exposure       MR Analysis Causal Estimate         Sd    T-stat
1 beta.exposure               Raw      0.03571961 0.03354897 1.0647006
2 beta.exposure Outlier-corrected      0.02177782 0.03140672 0.6934128
    P-value
1 0.2900266
2 0.4899635

$`MR-PRESSO results`
$`MR-PRESSO results`$`Global Test`
$`MR-PRESSO results`$`Global Test`$RSSobs
[1] 110.542

$`MR-PRESSO results`$`Global Test`$Pvalue
[1] 0.0495


$`MR-PRESSO results`$`Outlier Test`
         RSSobs Pvalue
1  1.302074e-04      1
2  7.806658e-07      1
3  4.343158e-04      1
4  8.194255e-04      1
5  5.075169e-04      1
6  3.811560e-05      1
7  5.677011e-05      1
8  2.575495e-04      1
9  8.436865e-04      1
10 1.957979e-04      1
11 6.640317e-03      1
12 1.311024e-06      1
13 1.439085e-03      1
14 4.523537e-05      1
15 1.905189e-05      1
16 1.311776e-04      1
17 1.972336e-04      1
18 6.431012e-07      1
19 1.461523e-03      1
20 9.966955e-05      1
21 4.963044e-05      1
22 1.239757e-04      1
23 3.864221e-05      1
24 2.887599e-03      1
25 1.268819e-04      1
26 4.309490e-05      1
27 8.852851e-06      1
28 3.245055e-05      1
29 2.725027e-04      1
30 1.098353e-03      1
31 2.681044e-05      1
32 1.332650e-03      1
33 1.746875e-04      1
34 9.696182e-04      1
35 6.022590e-05      1
36 1.329083e-04      1
37 2.641631e-04      1
38 2.214254e-05      1
39 4.351406e-05      1
40 9.244166e-06      1
41 2.842249e-04      1
42 1.217719e-03 0.5418
43 5.439543e-04      1
44 2.598638e-04      1
45 1.069847e-05      1
46 3.992270e-04      1
47 6.905772e-06      1
48 1.659002e-04      1
49 1.057088e-03      1
50 5.946174e-06      1
51 4.671383e-06      1
52 5.798394e-04      1
53 2.173350e-06      1
54 6.432310e-05      1
55 1.874258e-04      1
56 1.421101e-04      1
57 3.967683e-05      1
58 1.086962e-03      1
59 3.958017e-03 0.0086
60 4.417781e-05      1
61 1.254515e-04      1
62 1.023158e-04      1
63 2.501160e-04      1
64 2.992792e-04      1
65 1.627418e-04      1
66 8.450672e-06      1
67 8.491725e-07      1
68 1.006613e-04      1
69 8.728209e-04      1
70 2.203985e-04      1
71 2.409072e-04      1
72 1.018579e-05      1
73 1.011117e-05      1
74 1.348747e-04      1
75 8.205086e-05      1
76 1.676581e-04      1
77 1.316307e-03      1
78 5.167250e-05      1
79 1.260554e-04      1
80 2.626997e-06      1
81 1.445500e-03      1
82 3.498240e-04      1
83 9.241069e-06      1
84 5.600815e-04      1
85 8.235515e-05      1
86 1.412937e-05      1

$`MR-PRESSO results`$`Distortion Test`
$`MR-PRESSO results`$`Distortion Test`$`Outliers Indices`
[1] 59

$`MR-PRESSO results`$`Distortion Test`$`Distortion Coefficient`
beta.exposure 
     64.01831 

$`MR-PRESSO results`$`Distortion Test`$Pvalue
[1] 0.2971



