$`Main MR results`
       Exposure       MR Analysis Causal Estimate        Sd   T-stat   P-value
1 beta.exposure               Raw     -0.06283905 0.0512905 -1.22516 0.2239805
2 beta.exposure Outlier-corrected              NA        NA       NA        NA

$`MR-PRESSO results`
$`MR-PRESSO results`$`Global Test`
$`MR-PRESSO results`$`Global Test`$RSSobs
[1] 124.7877

$`MR-PRESSO results`$`Global Test`$Pvalue
[1] 0.0035


$`MR-PRESSO results`$`Outlier Test`
         RSSobs Pvalue
1  2.035965e-03      1
2  1.501322e-04      1
3  7.239605e-04      1
4  1.660186e-04      1
5  8.001286e-07      1
6  6.485132e-05      1
7  1.574114e-04      1
8  3.749149e-03      1
9  7.920015e-04      1
10 9.597423e-05      1
11 4.326293e-04      1
12 1.734006e-03      1
13 2.121146e-05      1
14 1.480994e-03      1
15 1.095833e-02      1
16 8.089964e-04      1
17 1.260313e-04      1
18 2.143651e-04      1
19 8.217503e-04      1
20 1.793080e-03      1
21 5.639748e-04      1
22 1.032487e-02      1
23 8.053226e-05      1
24 1.554218e-03      1
25 1.314191e-03      1
26 7.328871e-04      1
27 1.058585e-04      1
28 2.735230e-03      1
29 6.747462e-03 0.1932
30 3.912327e-05      1
31 1.096878e-03      1
32 2.989671e-03      1
33 2.943143e-04      1
34 2.205700e-04      1
35 2.628210e-05      1
36 1.057998e-06      1
37 4.742820e-05      1
38 2.045412e-06      1
39 7.348281e-04      1
40 5.850353e-03      1
41 3.209285e-05      1
42 3.025035e-03      1
43 3.984330e-06      1
44 4.215178e-03      1
45 3.595464e-04      1
46 2.283108e-04      1
47 1.511159e-03      1
48 5.226650e-04      1
49 2.536037e-03      1
50 4.497066e-04      1
51 1.250687e-02      1
52 1.230722e-03      1
53 1.356979e-03      1
54 1.352372e-03      1
55 1.357896e-04      1
56 5.563146e-04      1
57 1.156659e-04      1
58 9.482778e-06      1
59 5.078008e-04      1
60 4.038791e-07      1
61 1.001187e-03      1
62 6.742328e-06      1
63 4.948328e-04      1
64 5.522664e-04      1
65 7.468890e-05      1
66 3.136810e-04      1
67 2.362055e-03      1
68 5.549172e-04      1
69 9.517637e-05      1
70 3.703693e-04      1
71 2.164018e-03      1
72 3.780426e-04      1
73 5.420805e-05      1
74 2.418114e-04      1
75 8.480235e-04      1
76 2.161199e-05      1
77 7.311410e-04      1
78 8.443002e-05      1
79 2.299317e-03      1
80 6.829461e-05      1
81 3.580225e-04      1
82 2.351625e-03      1
83 5.223635e-04      1
84 2.224858e-03      1

$`MR-PRESSO results`$`Distortion Test`
$`MR-PRESSO results`$`Distortion Test`$`Outliers Indices`
[1] "No significant outliers"

$`MR-PRESSO results`$`Distortion Test`$`Distortion Coefficient`
[1] NA

$`MR-PRESSO results`$`Distortion Test`$Pvalue
[1] NA



