$`Main MR results`
       Exposure       MR Analysis Causal Estimate         Sd      T-stat
1 beta.exposure               Raw     0.021139968 0.05757552  0.36716936
2 beta.exposure Outlier-corrected    -0.000617064 0.05443956 -0.01133484
    P-value
1 0.7144999
2 0.9909860

$`MR-PRESSO results`
$`MR-PRESSO results`$`Global Test`
$`MR-PRESSO results`$`Global Test`$RSSobs
[1] 114.8348

$`MR-PRESSO results`$`Global Test`$Pvalue
[1] 0.0058


$`MR-PRESSO results`$`Outlier Test`
         RSSobs Pvalue
1  6.240731e-04      1
2  4.684613e-05      1
3  1.793452e-04      1
4  5.150149e-03      1
5  6.361664e-06      1
6  8.796262e-05      1
7  1.909685e-04      1
8  3.965300e-05      1
9  5.578239e-03      1
10 1.137418e-04      1
11 8.045419e-04      1
12 1.589358e-02      1
13 3.316791e-03      1
14 1.022019e-04      1
15 4.242306e-04      1
16 5.863754e-04      1
17 1.659960e-04      1
18 1.053446e-03      1
19 1.616273e-04      1
20 8.465155e-04      1
21 1.446966e-04      1
22 1.154143e-05      1
23 5.069322e-04      1
24 6.439965e-03      1
25 1.136834e-02      1
26 2.494632e-05      1
27 1.154648e-03      1
28 1.914839e-04      1
29 2.046693e-03      1
30 7.896374e-03      1
31 2.454068e-03      1
32 4.897106e-05      1
33 3.696665e-03 0.7176
34 1.283742e-07      1
35 6.096786e-04      1
36 9.553564e-05      1
37 1.059065e-04      1
38 4.627483e-04      1
39 9.844711e-06      1
40 6.494601e-04      1
41 1.311353e-03      1
42 5.587576e-05      1
43 6.233524e-05      1
44 1.051268e-02      1
45 4.881560e-04      1
46 1.850045e-04      1
47 9.975563e-04      1
48 6.406198e-04      1
49 2.623387e-04      1
50 1.442583e-04      1
51 4.469717e-03  0.117
52 1.498544e-05      1
53 2.653371e-05      1
54 4.258931e-05      1
55 1.842163e-03      1
56 1.058039e-02 0.0156
57 1.624676e-04      1
58 1.515759e-03      1
59 3.230792e-03      1
60 9.629966e-05      1
61 4.276776e-05      1
62 2.733392e-04      1
63 5.846345e-03      1
64 1.147785e-03      1
65 9.328384e-04      1
66 1.272382e-03      1
67 2.201671e-03      1
68 3.152489e-03      1
69 3.005078e-03      1
70 8.793487e-05      1
71 5.095060e-05      1
72 1.331039e-04      1
73 2.709451e-04      1
74 1.830860e-03      1
75 1.566944e-04      1
76 8.189940e-04      1
77 9.701304e-04      1
78 1.420433e-03      1

$`MR-PRESSO results`$`Distortion Test`
$`MR-PRESSO results`$`Distortion Test`$`Outliers Indices`
[1] 56

$`MR-PRESSO results`$`Distortion Test`$`Distortion Coefficient`
beta.exposure 
     3525.896 

$`MR-PRESSO results`$`Distortion Test`$Pvalue
[1] 0.0068



