$`Main MR results`
       Exposure       MR Analysis Causal Estimate         Sd      T-stat
1 beta.exposure               Raw    -0.018680443 0.05239604 -0.35652393
2 beta.exposure Outlier-corrected     0.002956978 0.04030956  0.07335674
    P-value
1 0.7221503
2 0.9416605

$`MR-PRESSO results`
$`MR-PRESSO results`$`Global Test`
$`MR-PRESSO results`$`Global Test`$RSSobs
[1] 253.5714

$`MR-PRESSO results`$`Global Test`$Pvalue
[1] "<1e-04"


$`MR-PRESSO results`$`Outlier Test`
          RSSobs  Pvalue
1   2.292294e-07       1
2   2.479767e-04       1
3   5.711548e-06       1
4   1.828832e-04       1
5   1.280862e-05       1
6   5.152598e-05       1
7   1.312478e-04       1
8   4.939901e-04       1
9   3.220078e-06       1
10  3.826400e-04       1
11  1.356929e-04       1
12  3.284615e-06       1
13  2.257397e-07       1
14  2.909997e-04       1
15  4.204624e-04       1
16  4.453888e-06       1
17  3.634717e-04       1
18  1.494213e-05       1
19  1.323977e-03       1
20  6.543836e-05       1
21  1.588093e-04       1
22  5.832455e-04       1
23  1.146652e-04       1
24  2.380134e-05       1
25  8.334309e-06       1
26  8.272582e-06       1
27  4.441795e-04       1
28  1.987231e-03       1
29  4.189192e-05       1
30  2.932562e-04       1
31  4.445218e-05       1
32  1.271989e-06       1
33  1.373752e-04       1
34  3.263046e-04       1
35  4.639943e-04       1
36  1.753158e-04       1
37  3.552971e-06       1
38  5.705474e-06       1
39  1.890580e-04       1
40  1.107430e-05       1
41  1.113157e-04       1
42  1.624911e-05       1
43  5.826973e-05       1
44  5.417087e-05       1
45  1.165438e-03       1
46  6.246316e-06       1
47  7.372582e-05       1
48  2.243221e-05       1
49  3.189308e-05       1
50  6.253797e-05       1
51  7.705770e-05       1
52  3.294186e-04       1
53  6.441148e-04       1
54  2.405443e-05       1
55  5.577407e-05       1
56  9.826735e-05       1
57  1.691603e-05       1
58  3.719421e-05       1
59  4.205238e-07       1
60  4.362882e-04       1
61  1.103651e-02 <0.0108
62  9.754160e-05       1
63  3.662826e-04       1
64  5.030251e-04       1
65  1.425841e-03       1
66  5.002055e-05       1
67  1.306088e-03       1
68  5.401098e-05       1
69  3.560172e-04       1
70  8.724635e-05       1
71  4.244223e-04       1
72  3.531122e-04       1
73  1.600125e-04       1
74  2.602332e-04       1
75  1.498813e-05       1
76  1.471214e-04       1
77  1.633081e-04       1
78  2.903167e-06       1
79  6.803327e-04       1
80  3.044017e-05       1
81  1.688973e-05       1
82  3.858762e-04       1
83  1.827263e-05       1
84  1.210520e-03       1
85  1.676974e-04       1
86  3.155082e-05       1
87  7.084751e-04  0.2052
88  5.554459e-06       1
89  1.026928e-04       1
90  7.953880e-04       1
91  1.723209e-05       1
92  2.697506e-04       1
93  6.414717e-04       1
94  5.687885e-09       1
95  1.450182e-04       1
96  1.632653e-04       1
97  3.777576e-04       1
98  1.929411e-04       1
99  4.354541e-06       1
100 1.113658e-04       1
101 5.654972e-05       1
102 1.652135e-05       1
103 6.966664e-05       1
104 9.247624e-06       1
105 3.489147e-05       1
106 2.302416e-05       1
107 5.172224e-08       1
108 1.269145e-05       1

$`MR-PRESSO results`$`Distortion Test`
$`MR-PRESSO results`$`Distortion Test`$`Outliers Indices`
[1] 61

$`MR-PRESSO results`$`Distortion Test`$`Distortion Coefficient`
beta.exposure 
     -731.741 

$`MR-PRESSO results`$`Distortion Test`$Pvalue
[1] 0.0458



