$`Main MR results`
       Exposure       MR Analysis Causal Estimate        Sd    T-stat
1 beta.exposure               Raw      -0.4568086 0.1610077 -2.837185
2 beta.exposure Outlier-corrected              NA        NA        NA
      P-value
1 0.004859236
2          NA

$`MR-PRESSO results`
$`MR-PRESSO results`$`Global Test`
$`MR-PRESSO results`$`Global Test`$RSSobs
[1] 395.5577

$`MR-PRESSO results`$`Global Test`$Pvalue
[1] 0.00044


$`MR-PRESSO results`$`Outlier Test`
          RSSobs  Pvalue
1   1.103021e-03       1
2   8.168957e-03       1
3   7.574348e-03 0.25452
4   5.068920e-04       1
5   3.071015e-03       1
6   7.568671e-04       1
7   3.349506e-03       1
8   2.681252e-04       1
9   7.191270e-05       1
10  6.753202e-04       1
11  4.445556e-04       1
12  3.705231e-03       1
13  2.248469e-03       1
14  1.560093e-05       1
15  5.037720e-04       1
16  1.310628e-04       1
17  1.712675e-06       1
18  2.026681e-04       1
19  3.509611e-04       1
20  3.001238e-05       1
21  2.369793e-03       1
22  3.228993e-03       1
23  5.139625e-04       1
24  3.101553e-05       1
25  1.842676e-03       1
26  3.341689e-04       1
27  1.947077e-03       1
28  6.569087e-04       1
29  3.500713e-04       1
30  8.504546e-04       1
31  1.322100e-03       1
32  8.535647e-04       1
33  2.279495e-04       1
34  7.449025e-03       1
35  8.101349e-05       1
36  9.384463e-04       1
37  4.977727e-03       1
38  1.922095e-05       1
39  4.316943e-03       1
40  1.024251e-03       1
41  5.067677e-03       1
42  8.050341e-04       1
43  7.425797e-04       1
44  2.158709e-04       1
45  5.689006e-03       1
46  1.077708e-06       1
47  3.713126e-04       1
48  1.787360e-03       1
49  3.769290e-02       1
50  1.926969e-03       1
51  5.218093e-04       1
52  1.929236e-04       1
53  1.083616e-04       1
54  9.281595e-04       1
55  4.783552e-04       1
56  1.819310e-03       1
57  9.669719e-04       1
58  2.176090e-04       1
59  4.048849e-05       1
60  2.590294e-03       1
61  2.476086e-05       1
62  3.537816e-04       1
63  2.531274e-05       1
64  1.941591e-04       1
65  5.908011e-04       1
66  2.521366e-03       1
67  7.134688e-03       1
68  1.170680e-04       1
69  8.118236e-04       1
70  2.044148e-03       1
71  2.854781e-03       1
72  4.378155e-04       1
73  8.311617e-04       1
74  6.165780e-04       1
75  9.198253e-05       1
76  3.364790e-03       1
77  2.150152e-04       1
78  4.455608e-05       1
79  2.221347e-04       1
80  1.935170e-04       1
81  9.996764e-07       1
82  1.162771e-03       1
83  3.717365e-03       1
84  3.410426e-03       1
85  1.936920e-04       1
86  6.983855e-05       1
87  1.238542e-03       1
88  1.897773e-05       1
89  2.651936e-03       1
90  1.658646e-03       1
91  2.189334e-03       1
92  3.220125e-03       1
93  8.881675e-03       1
94  6.214766e-03       1
95  1.468217e-04       1
96  5.572859e-04       1
97  5.966639e-05       1
98  7.334172e-04       1
99  2.492632e-03       1
100 2.394233e-04       1
101 6.200493e-03       1
102 2.295161e-04       1
103 4.357582e-03       1
104 3.578812e-05       1
105 5.439495e-05       1
106 2.907875e-04       1
107 6.426277e-03       1
108 1.258226e-03       1
109 4.660121e-03       1
110 1.947322e-03       1
111 3.415799e-03       1
112 1.684073e-04       1
113 1.351033e-04       1
114 1.936870e-04       1
115 4.143071e-07       1
116 1.740702e-03       1
117 2.230564e-03       1
118 8.550831e-03       1
119 2.038313e-03       1
120 1.453198e-03       1
121 3.105074e-04       1
122 5.057264e-04       1
123 1.726369e-03       1
124 1.267778e-03       1
125 1.102651e-04       1
126 1.441742e-04       1
127 5.375321e-04       1
128 3.748461e-03       1
129 1.996047e-03       1
130 1.631672e-05       1
131 3.416348e-03       1
132 2.262671e-04       1
133 1.994346e-03       1
134 6.659875e-08       1
135 2.321423e-03       1
136 2.127205e-03       1
137 5.984102e-04       1
138 1.011092e-03       1
139 2.930542e-03       1
140 7.387425e-04       1
141 7.607143e-03       1
142 5.836668e-06       1
143 8.397442e-04       1
144 1.184624e-03       1
145 1.125925e-03       1
146 6.855015e-03       1
147 8.141759e-04       1
148 1.285450e-03       1
149 2.700659e-03       1
150 1.893633e-04       1
151 3.616562e-05       1
152 3.756102e-04       1
153 2.254856e-04       1
154 5.753338e-04       1
155 2.016083e-04       1
156 4.832656e-06       1
157 4.021514e-03       1
158 6.963581e-04       1
159 1.212555e-05       1
160 9.101744e-04       1
161 5.368950e-03       1
162 1.591871e-04       1
163 5.728300e-04       1
164 3.010318e-04       1
165 2.530087e-03       1
166 4.151412e-04       1
167 3.834240e-07       1
168 2.742592e-04       1
169 5.350157e-03       1
170 8.033563e-04       1
171 7.443215e-06       1
172 1.833828e-04       1
173 4.741150e-06       1
174 8.692311e-04       1
175 4.503590e-03       1
176 6.409788e-04       1
177 2.830112e-04       1
178 1.669382e-04       1
179 1.718721e-04       1
180 3.193637e-07       1
181 2.740306e-04       1
182 6.845395e-05       1
183 5.375851e-03       1
184 8.293900e-05       1
185 2.186287e-04       1
186 5.584837e-06       1
187 1.121427e-02       1
188 1.054729e-03       1
189 8.504861e-03       1
190 3.776735e-04       1
191 2.842381e-03       1
192 2.023587e-03       1
193 2.338502e-04       1
194 9.017767e-04       1
195 8.643609e-04       1
196 1.930899e-03       1
197 4.868852e-04       1
198 1.824558e-05       1
199 3.292997e-04       1
200 1.899001e-04       1
201 2.013488e-03       1
202 5.859650e-04       1
203 1.473403e-03       1
204 5.537658e-04       1
205 2.854610e-03       1
206 5.327741e-04       1
207 2.645978e-05       1
208 5.489993e-07       1
209 3.705266e-03       1
210 6.578844e-06       1
211 9.588341e-04       1
212 4.422742e-03       1
213 1.842103e-03       1
214 3.189659e-05       1
215 1.787894e-02 0.27876
216 1.948810e-03       1
217 8.468353e-06       1
218 2.712592e-03       1
219 3.293128e-03       1
220 2.130743e-03       1
221 1.173828e-03       1
222 1.561551e-04       1
223 1.740065e-03       1
224 2.217883e-04       1
225 7.646988e-06       1
226 2.882316e-03       1
227 5.115922e-03       1
228 4.506160e-03       1
229 8.990854e-04       1
230 1.121413e-04       1
231 1.120315e-03       1
232 5.198686e-04       1
233 7.639393e-03       1
234 8.644235e-04       1
235 7.715700e-05       1
236 1.084119e-03       1
237 1.778850e-04       1
238 1.145237e-03       1
239 2.326880e-03       1
240 1.032138e-03       1
241 4.875957e-03       1
242 1.570270e-04       1
243 8.780997e-04       1
244 1.142807e-03       1
245 5.641210e-03       1
246 1.711787e-03       1
247 1.563318e-03       1
248 2.650476e-03       1
249 1.330489e-04       1
250 1.226173e-03       1
251 2.782558e-02       1
252 4.341121e-06       1
253 1.075835e-02       1
254 1.485275e-02       1
255 2.264840e-02       1
256 2.514386e-03       1
257 1.085369e-05       1
258 1.596417e-03       1
259 7.888972e-04       1
260 7.364723e-04       1
261 7.183654e-06       1
262 2.053846e-04       1
263 2.132205e-03       1
264 1.445041e-03       1
265 1.165488e-02       1
266 5.546071e-04       1
267 4.813687e-04       1
268 2.033196e-03       1
269 4.465685e-03       1
270 1.600684e-04       1
271 1.563469e-07       1
272 1.894272e-04       1
273 2.873204e-03       1
274 2.119753e-04       1
275 7.642187e-09       1
276 2.294596e-03       1
277 2.337087e-03       1
278 1.177464e-03       1
279 1.172509e-03       1
280 8.861334e-04       1
281 8.584105e-04       1
282 1.869114e-03       1
283 2.132740e-06       1
284 3.955076e-04       1
285 4.259757e-07       1
286 5.760691e-03       1
287 5.249682e-04       1
288 7.770822e-04       1
289 1.017939e-02       1
290 9.985275e-04       1
291 4.626741e-04       1
292 1.369679e-04       1
293 1.660262e-03       1
294 8.741639e-04       1
295 4.015654e-04       1
296 2.580488e-05       1
297 4.550344e-05       1
298 2.483377e-04       1
299 6.973033e-04       1
300 3.186634e-05       1
301 4.372055e-05       1
302 4.712558e-04       1
303 3.359351e-03       1

$`MR-PRESSO results`$`Distortion Test`
$`MR-PRESSO results`$`Distortion Test`$`Outliers Indices`
[1] "No significant outliers"

$`MR-PRESSO results`$`Distortion Test`$`Distortion Coefficient`
[1] NA

$`MR-PRESSO results`$`Distortion Test`$Pvalue
[1] NA



