SNP	CHROM	POS	REF	ALT	AF	BETA	SE	Z	P	N	TRAIT
rs2072659	1	154548521	C	G	0.1049	-0.0072887	0.026289999999999997	-0.27724229745150253	0.7816	1310309	covid_vs._population
rs2084533	3	16872929	C	T	0.3261	0.0079132	0.014978	0.528322	0.5973	1345161	covid_vs._population
rs7431710	3	48935583	G	A	0.6621	-0.012768	0.013681	-0.9332651121994006	0.3507	1348459	covid_vs._population
rs806798	6	26214473	T	C	0.526	-0.0028991999999999998	0.014047	-0.20639282409055312	0.8365	1351799	covid_vs._population
rs215600	7	32333642	G	A	0.6517	-0.018781	0.013498	-1.3913913172321826	0.1641	1361855	covid_vs._population
rs3025383	9	136502369	T	C	0.194	-0.0084654	0.016824000000000002	-0.5031740370898715	0.6148	1352463	covid_vs._population
rs2386571	16	52074123	A	C	0.5752	4.5883e-4	0.014556999999999999	0.0315195438620595	0.9749	1316228	covid_vs._population
rs4785587	16	89772619	G	A	0.5585	-0.007859	0.014146	-0.5555634101512794	0.5785	1338403	covid_vs._population
rs2424888	20	31047533	G	A	0.4255	0.0031808000000000006	0.016597	0.19164909320961623	0.848	1026200	covid_vs._population
rs2273500	20	61986949	T	C	0.1684	-0.0015630999999999998	0.017383000000000003	-0.0899211873669677	0.9284	1362519	covid_vs._population
rs11725618	NA	NA	NA	NA	NA	NA	NA	NA	NA	NA	NA
rs787362	NA	NA	NA	NA	NA	NA	NA	NA	NA	NA	NA
rs73229090	NA	NA	NA	NA	NA	NA	NA	NA	NA	NA	NA
rs58379124	NA	NA	NA	NA	NA	NA	NA	NA	NA	NA	NA
rs790564	NA	NA	NA	NA	NA	NA	NA	NA	NA	NA	NA
rs7951365	NA	NA	NA	NA	NA	NA	NA	NA	NA	NA	NA
rs75494138	NA	NA	NA	NA	NA	NA	NA	NA	NA	NA	NA
rs7928017	NA	NA	NA	NA	NA	NA	NA	NA	NA	NA	NA
rs632811	NA	NA	NA	NA	NA	NA	NA	NA	NA	NA	NA
rs8034191	NA	NA	NA	NA	NA	NA	NA	NA	NA	NA	NA
rs895330	NA	NA	NA	NA	NA	NA	NA	NA	NA	NA	NA
rs34406232	NA	NA	NA	NA	NA	NA	NA	NA	NA	NA	NA
rs56113850	NA	NA	NA	NA	NA	NA	NA	NA	NA	NA	NA
