$`Main MR results`
       Exposure       MR Analysis Causal Estimate        Sd   T-stat   P-value
1 beta.exposure               Raw      -0.2467465 0.2175031 -1.13445 0.2598328
2 beta.exposure Outlier-corrected              NA        NA       NA        NA

$`MR-PRESSO results`
$`MR-PRESSO results`$`Global Test`
$`MR-PRESSO results`$`Global Test`$RSSobs
[1] 120.2923

$`MR-PRESSO results`$`Global Test`$Pvalue
[1] 0.0112


$`MR-PRESSO results`$`Outlier Test`
         RSSobs Pvalue
1  1.218015e-02      1
2  3.994399e-04      1
3  1.478638e-02      1
4  1.700152e-02      1
5  1.022324e-03      1
6  1.207881e-02      1
7  2.077905e-02      1
8  2.697116e-02      1
9  1.955876e-06      1
10 1.004282e-02      1
11 1.127141e-01      1
12 7.755391e-04      1
13 2.314359e-04      1
14 1.019044e-02      1
15 4.674610e-02  0.561
16 7.047682e-03      1
17 1.709202e-02      1
18 2.733389e-02      1
19 1.418760e-02      1
20 1.462356e-02      1
21 6.244074e-03      1
22 1.919590e-02      1
23 1.393751e-03      1
24 1.216267e-01      1
25 2.073209e-02      1
26 1.202038e-03      1
27 2.414219e-03      1
28 1.133867e-03      1
29 5.008226e-03      1
30 1.370908e-02      1
31 3.718036e-03      1
32 4.319051e-02      1
33 9.314189e-03      1
34 1.615509e-02      1
35 1.522436e-03      1
36 8.263085e-03      1
37 5.023728e-04      1
38 1.665336e-02      1
39 1.150441e-02      1
40 6.246589e-03      1
41 6.551334e-03      1
42 6.516798e-03      1
43 4.116097e-03      1
44 1.018981e-02      1
45 7.273950e-03      1
46 1.770387e-02      1
47 7.895884e-03      1
48 3.309344e-04      1
49 2.539417e-02      1
50 2.495438e-05      1
51 2.416901e-02      1
52 2.007416e-03      1
53 1.252367e-02      1
54 1.229534e-02      1
55 1.438072e-02      1
56 3.959254e-02      1
57 3.424445e-04      1
58 1.533777e-02      1
59 1.027567e-03      1
60 8.444266e-03      1
61 3.146541e-07      1
62 4.565669e-02      1
63 3.200454e-02      1
64 1.445528e-03      1
65 2.610070e-02      1
66 1.726446e-04      1
67 1.166320e-02      1
68 5.061284e-02      1
69 1.851562e-02      1
70 2.605868e-04      1
71 6.236827e-03      1
72 7.058137e-02      1
73 2.826632e-04      1
74 5.391005e-02      1
75 8.904883e-03      1
76 1.147608e-01 0.9435
77 2.952136e-03      1
78 5.737885e-03      1
79 4.061711e-03      1
80 1.209263e-02      1
81 1.651299e-02      1
82 1.534806e-03      1
83 2.531661e-02      1
84 5.869845e-02      1
85 3.377688e-02      1

$`MR-PRESSO results`$`Distortion Test`
$`MR-PRESSO results`$`Distortion Test`$`Outliers Indices`
[1] "No significant outliers"

$`MR-PRESSO results`$`Distortion Test`$`Distortion Coefficient`
[1] NA

$`MR-PRESSO results`$`Distortion Test`$Pvalue
[1] NA



