SNP	CHROM	POS	REF	ALT	AF	BETA	SE	Z	P	N	TRAIT
rs12027345	1	46239991	G	A	0.4394	-0.0089505	0.020855000000000002	-0.4291776552385519	0.6678	760591	covid_vs._population
rs7525101	1	165109131	C	T	0.4573	-0.030352999999999998	0.013384	-2.267857142857143	0.02334	1329484	covid_vs._population
rs10927035	1	243703982	C	T	0.6126	-0.017855000000000003	0.015212	-1.1737444123060743	0.2405	1337724	covid_vs._population
rs62188635	2	208082510	C	T	0.5438	0.0011561	0.01623	0.07123228589032654	0.9432	922302	covid_vs._population
rs13093972	3	114987255	A	G	0.4028	-0.03042	0.015631	-1.9461326850489413	0.05164	1343343	covid_vs._population
rs55853808	3	182053946	A	G	0.1553	0.018946	0.021939	0.8635762796845801	0.3878	1315928	covid_vs._population
rs10475169	5	2555514	A	C	0.1337	-0.009534200000000001	0.018815000000000002	-0.5067339888386926	0.6123	1335104	covid_vs._population
rs6453022	5	73076511	C	A	0.4832	0.027288	0.01275	2.1402352941176472	0.03234	1361855	covid_vs._population
rs306574	5	94049523	A	G	0.506	-0.008933499999999999	0.012723	-0.7021535801304722	0.4826	1362819	covid_vs._population
rs1928176	6	21968899	A	G	0.4939	0.0064408	0.013781999999999999	0.4673342040342476	0.6403	1346155	covid_vs._population
rs13204736	6	32582603	G	A	0.3845	-0.043615	0.022062000000000002	-1.9769286556069259	0.04805	658934	covid_vs._population
rs62646255	6	43262303	T	C	0.4063	0.032587	0.022483000000000003	1.4494062180314011	0.1472	525242	covid_vs._population
rs217287	6	84407466	C	T	0.4564	0.004517	0.014077000000000001	0.32087802798891807	0.7483	1324384	covid_vs._population
rs9493627	6	133789728	G	A	0.3222	0.0062052	0.013347999999999999	0.46487863350314657	0.642	1362816	covid_vs._population
rs2236401	6	158504981	C	T	0.5309	0.009126100000000002	0.012743	0.716165738052264	0.4739	1362519	covid_vs._population
rs4947828	7	50805115	T	G	0.7636	-0.024054	0.017764	-1.3540869173609549	0.1757	1049894	covid_vs._population
rs9691831	7	138498348	A	G	0.5716	-0.013544999999999998	0.013798	-0.9816640092767066	0.3263	1352763	covid_vs._population
rs12552	13	53625781	A	G	0.561	-0.012931999999999999	0.013531	-0.9557312837188677	0.3392	1351799	covid_vs._population
rs9517282	13	99059183	C	A	0.5322	-0.006753699999999999	0.015009999999999999	-0.4499467021985343	0.6527	1336041	covid_vs._population
rs1566129	14	52514912	T	C	0.6011	0.008748299999999999	0.012834	0.6816503038803178	0.4955	1362819	covid_vs._population
rs62033400	16	53811788	A	G	0.3964	0.019806	0.013809	1.4342819900065176	0.1515	1348459	covid_vs._population
rs4611552	18	52636091	T	C	0.2076	0.019541	0.016276	1.2006021135414107	0.2299	1362519	covid_vs._population
rs35414371	NA	NA	NA	NA	NA	NA	NA	NA	NA	NA	NA
rs3890736	NA	NA	NA	NA	NA	NA	NA	NA	NA	NA	NA
rs76837345	NA	NA	NA	NA	NA	NA	NA	NA	NA	NA	NA
rs1962104	NA	NA	NA	NA	NA	NA	NA	NA	NA	NA	NA
rs4948502	NA	NA	NA	NA	NA	NA	NA	NA	NA	NA	NA
rs2270550	NA	NA	NA	NA	NA	NA	NA	NA	NA	NA	NA
rs11596052	NA	NA	NA	NA	NA	NA	NA	NA	NA	NA	NA
rs1097215	NA	NA	NA	NA	NA	NA	NA	NA	NA	NA	NA
rs10901863	NA	NA	NA	NA	NA	NA	NA	NA	NA	NA	NA
rs55635402	NA	NA	NA	NA	NA	NA	NA	NA	NA	NA	NA
rs141403654	NA	NA	NA	NA	NA	NA	NA	NA	NA	NA	NA
rs7951935	NA	NA	NA	NA	NA	NA	NA	NA	NA	NA	NA
rs67307131	NA	NA	NA	NA	NA	NA	NA	NA	NA	NA	NA
rs62015206	NA	NA	NA	NA	NA	NA	NA	NA	NA	NA	NA
rs12938775	NA	NA	NA	NA	NA	NA	NA	NA	NA	NA	NA
rs17671352	NA	NA	NA	NA	NA	NA	NA	NA	NA	NA	NA
rs132929	NA	NA	NA	NA	NA	NA	NA	NA	NA	NA	NA
rs36062310	NA	NA	NA	NA	NA	NA	NA	NA	NA	NA	NA
