$`Main MR results`
       Exposure       MR Analysis Causal Estimate         Sd    T-stat
1 beta.exposure               Raw      0.01396933 0.06044156 0.2311213
2 beta.exposure Outlier-corrected      0.01018847 0.06002480 0.1697376
    P-value
1 0.8172791
2 0.8652591

$`MR-PRESSO results`
$`MR-PRESSO results`$`Global Test`
$`MR-PRESSO results`$`Global Test`$RSSobs
[1] 988.4686

$`MR-PRESSO results`$`Global Test`$Pvalue
[1] 4e-05


$`MR-PRESSO results`$`Outlier Test`
          RSSobs  Pvalue
1   1.516603e-02 0.30704
2   6.295815e-04       1
3   4.175302e-04       1
4   4.649724e-04       1
5   2.997213e-03       1
6   6.975449e-07       1
7   6.928661e-05       1
8   1.913090e-03       1
9   1.740937e-03       1
10  1.815707e-03       1
11  4.854048e-04       1
12  6.292464e-05       1
13  7.961854e-05       1
14  1.705154e-04       1
15  1.891337e-04       1
16  7.781283e-04       1
17  4.828000e-04       1
18  1.197699e-03       1
19  1.523000e-03       1
20  3.157221e-04       1
21  3.317242e-03       1
22  2.965055e-04       1
23  2.710101e-06       1
24  1.343132e-02       1
25  1.249563e-03       1
26  1.116378e-03       1
27  1.743186e-04       1
28  9.251712e-03       1
29  9.306889e-03       1
30  2.000199e-03       1
31  1.733435e-03       1
32  8.198275e-06       1
33  1.162123e-03       1
34  3.083872e-05       1
35  1.032612e-03       1
36  2.580982e-04       1
37  3.923525e-03       1
38  8.913330e-05       1
39  4.844397e-03       1
40  3.123584e-03       1
41  6.447457e-04       1
42  6.924587e-07       1
43  3.534938e-03       1
44  1.726782e-04       1
45  5.092554e-06       1
46  5.422228e-02       1
47  4.152269e-04       1
48  1.522110e-04       1
49  7.415336e-05       1
50  1.527854e-04       1
51  4.710622e-04       1
52  2.394053e-04       1
53  2.040488e-03       1
54  3.027703e-03       1
55  7.642047e-04       1
56  2.125597e-03       1
57  1.373471e-04       1
58  1.891283e-04       1
59  2.324204e-03       1
60  8.425184e-04       1
61  2.071582e-04       1
62  2.356060e-04       1
63  1.678076e-07       1
64  9.274452e-04       1
65  1.732622e-03       1
66  2.700815e-04       1
67  4.157880e-03       1
68  3.910403e-04       1
69  1.927628e-03       1
70  7.724275e-04       1
71  2.970017e-03       1
72  9.049566e-06       1
73  1.523112e-04       1
74  9.769382e-04       1
75  8.109083e-03       1
76  1.057393e-03       1
77  7.942544e-04       1
78  1.912461e-05       1
79  6.780630e-03       1
80  1.363299e-02       1
81  9.369989e-03       1
82  7.658588e-04       1
83  1.096798e-03       1
84  1.838831e-05       1
85  9.708917e-04       1
86  4.117800e-04       1
87  5.112988e-06       1
88  2.810083e-03       1
89  4.553538e-04       1
90  1.913760e-03       1
91  3.796210e-03       1
92  1.040144e-05       1
93  1.115921e-03       1
94  2.076279e-03       1
95  5.169995e-05       1
96  2.621506e-04       1
97  1.499653e-03       1
98  1.432539e-04       1
99  2.071953e-03       1
100 3.509465e-04       1
101 3.998499e-03       1
102 6.084756e-03       1
103 4.228277e-06       1
104 8.781073e-04       1
105 1.463130e-04       1
106 2.963419e-04       1
107 1.008334e-04       1
108 4.635322e-09       1
109 4.701742e-03       1
110 2.493447e-03       1
111 6.207216e-03       1
112 6.055590e-04       1
113 6.222227e-03       1
114 7.663185e-06       1
115 1.990272e-03       1
116 4.520897e-03       1
117 1.735086e-04       1
118 1.826996e-04       1
119 4.445418e-04       1
120 6.958589e-04       1
121 1.872320e-03       1
122 2.435110e-04       1
123 1.541649e-03       1
124 5.036977e-04       1
125 1.304661e-06       1
126 3.005237e-04       1
127 9.602757e-04       1
128 7.224339e-04       1
129 1.120517e-03       1
130 1.379390e-06       1
131 3.156002e-04       1
132 1.419384e-03       1
133 8.571286e-04       1
134 2.234024e-03       1
135 2.352985e-03       1
136 1.003534e-03       1
137 7.655324e-03       1
138 3.687135e-04       1
139 3.037139e-10       1
140 1.371412e-02       1
141 6.785453e-03       1
142 9.522069e-03       1
143 6.969938e-03       1
144 1.604259e-04       1
145 7.941993e-04       1
146 2.324106e-03       1
147 1.688666e-05       1
148 9.210260e-04       1
149 3.297142e-03       1
150 1.636236e-04       1
151 6.978225e-04       1
152 1.289896e-03       1
153 6.192950e-05       1
154 9.211484e-04       1
155 1.415613e-02       1
156 2.241829e-03       1
157 3.346690e-03       1
158 6.115875e-03       1
159 6.252647e-05       1
160 1.243324e-04       1
161 1.137496e-03       1
162 5.396293e-04       1
163 2.266427e-04       1
164 2.857477e-02       1
165 3.426524e-04       1
166 4.043445e-04       1
167 1.015815e-02       1
168 1.548345e-03       1
169 1.703472e-03       1
170 4.703596e-03       1
171 3.348080e-03       1
172 9.425264e-05       1
173 8.624159e-03       1
174 2.238118e-03       1
175 4.313070e-03       1
176 3.633615e-05       1
177 6.438926e-04       1
178 1.631738e-03       1
179 5.172807e-04       1
180 1.008124e-02       1
181 5.729977e-04       1
182 1.314179e-03       1
183 8.267619e-03       1
184 1.045744e-05       1
185 2.591253e-05       1
186 6.199309e-04       1
187 6.661639e-04       1
188 1.499021e-03       1
189 3.421924e-03       1
190 6.559100e-04       1
191 9.523998e-04       1
192 2.946098e-05       1
193 1.472894e-05       1
194 2.546642e-04       1
195 3.778731e-03       1
196 3.810641e-03       1
197 5.191996e-04       1
198 5.416831e-04       1
199 3.364487e-04       1
200 1.320742e-02       1
201 5.985906e-04       1
202 1.498146e-05       1
203 9.652968e-04       1
204 1.750407e-04       1
205 1.290046e-03       1
206 2.453657e-03       1
207 6.345553e-04       1
208 2.814125e-04       1
209 1.692100e-05       1
210 2.066895e-05       1
211 3.235723e-03       1
212 7.188054e-04       1
213 4.789454e-05       1
214 4.904027e-07       1
215 5.462194e-04       1
216 6.522314e-04       1
217 1.762330e-03       1
218 3.642785e-03       1
219 3.892274e-07       1
220 3.062005e-04       1
221 3.597204e-04       1
222 1.608979e-02       1
223 1.189461e-03       1
224 3.453656e-03       1
225 9.176495e-04       1
226 2.789375e-04       1
227 2.766405e-03       1
228 1.113381e-02       1
229 4.753011e-03       1
230 2.506415e-03       1
231 1.694760e-03       1
232 8.023588e-04       1
233 3.402402e-04       1
234 9.080474e-05       1
235 7.442975e-05       1
236 8.819297e-04       1
237 4.889224e-05       1
238 2.435830e-03       1
239 1.025888e-04       1
240 1.273924e-02       1
241 8.898310e-04       1
242 5.623586e-03       1
243 7.765501e-04       1
244 9.693850e-04       1
245 3.764003e-04       1
246 5.698833e-04       1
247 1.358813e-03       1
248 3.965675e-04       1
249 8.401522e-04       1
250 1.472359e-03       1
251 1.848436e-03       1
252 1.422111e-03       1
253 5.516689e-03       1
254 1.784541e-05       1
255 6.855507e-04       1
256 1.377276e-02       1
257 2.486637e-03       1
258 3.787730e-04       1
259 5.009465e-03       1
260 1.212517e-03       1
261 6.215321e-07       1
262 6.030761e-03       1
263 2.912354e-04       1
264 2.639940e-03       1
265 1.217008e-03       1
266 1.096896e-03       1
267 2.099308e-03       1
268 5.122508e-04       1
269 3.086229e-03       1
270 2.552845e-03       1
271 1.885707e-04       1
272 5.651588e-04       1
273 2.108242e-04       1
274 1.076077e-04       1
275 6.079373e-04       1
276 3.030187e-03       1
277 2.121231e-03       1
278 1.081885e-02       1
279 7.956911e-03       1
280 2.016350e-03       1
281 9.271644e-03       1
282 1.428090e-03       1
283 8.739461e-08       1
284 2.746404e-04       1
285 7.628424e-04       1
286 2.520209e-03       1
287 6.687406e-03       1
288 4.740255e-03       1
289 6.570566e-06       1
290 4.210738e-03       1
291 3.837069e-03       1
292 9.953554e-04       1
293 6.496063e-04       1
294 6.667232e-04       1
295 6.076880e-05       1
296 1.941582e-04       1
297 1.490206e-04       1
298 2.968350e-02       1
299 3.526005e-03       1
300 2.662371e-04       1
301 3.504701e-03       1
302 5.185313e-03       1
303 6.014626e-04       1
304 3.977979e-04       1
305 3.681725e-04       1
306 7.762318e-04       1
307 2.790480e-04       1
308 2.464949e-03       1
309 1.055740e-05       1
310 2.841042e-03       1
311 8.749137e-04       1
312 3.900739e-06       1
313 4.508513e-03       1
314 7.654050e-03       1
315 2.371243e-04       1
316 8.450339e-05       1
317 1.871313e-03       1
318 4.784130e-03       1
319 1.369942e-03       1
320 4.866817e-02       1
321 1.967155e-03       1
322 1.848383e-03       1
323 1.319750e-03       1
324 5.081553e-04       1
325 1.199949e-03       1
326 9.329929e-04       1
327 1.492268e-03       1
328 3.298964e-03       1
329 2.070580e-03       1
330 5.187314e-04       1
331 2.437490e-04       1
332 3.714083e-04       1
333 9.420275e-05       1
334 3.649494e-04       1
335 1.432029e-04       1
336 6.170309e-04       1
337 4.525897e-05       1
338 1.327837e-05       1
339 1.785764e-05       1
340 2.374130e-03       1
341 1.088444e-03       1
342 3.479419e-03       1
343 5.657249e-05       1
344 9.971449e-04       1
345 3.689149e-03       1
346 6.901801e-03       1
347 1.592792e-04       1
348 1.773316e-04       1
349 1.723503e-03       1
350 4.002222e-03       1
351 8.585401e-06       1
352 2.798897e-03       1
353 4.156667e-03       1
354 2.594960e-03       1
355 3.375632e-04       1
356 5.703899e-04       1
357 2.007811e-03       1
358 9.199816e-05       1
359 3.987576e-03       1
360 1.458681e-09       1
361 3.931900e-05       1
362 5.102877e-04       1
363 1.022017e-03       1
364 3.106104e-03       1
365 2.025217e-05       1
366 2.734017e-03       1
367 1.467727e-04       1
368 8.593596e-05       1
369 1.243936e-03       1
370 1.967755e-04       1
371 5.027139e-04       1
372 1.552736e-03       1
373 9.602813e-05       1
374 2.471916e-04       1
375 3.662061e-05       1
376 3.212037e-03       1
377 1.318549e-03       1
378 5.248562e-04       1
379 2.623903e-03       1
380 1.267364e-05       1
381 9.575719e-04       1
382 3.985689e-03       1
383 8.356742e-03       1
384 3.502952e-04       1
385 7.317531e-04       1
386 3.846528e-04       1
387 2.268466e-05       1
388 3.823793e-06       1
389 7.927861e-05       1
390 1.380949e-05       1
391 6.479910e-03       1
392 9.168987e-04       1
393 4.341307e-04       1
394 4.743474e-03       1
395 7.141713e-05       1
396 1.799685e-03       1
397 9.682639e-03       1
398 8.486638e-04       1
399 7.909706e-04       1
400 7.393015e-04       1
401 4.423996e-04       1
402 3.367552e-04       1
403 3.461101e-04       1
404 1.002111e-04       1
405 9.094871e-05       1
406 2.530617e-04       1
407 7.745531e-04       1
408 1.437559e-04       1
409 3.839464e-03       1
410 2.016070e-04       1
411 7.249357e-05       1
412 1.536446e-03       1
413 5.712034e-04       1
414 7.706846e-09       1
415 1.457276e-02       1
416 3.085114e-05       1
417 1.503599e-04       1
418 2.853396e-05       1
419 2.463977e-03       1
420 1.097046e-04       1
421 1.966133e-03       1
422 5.535338e-03       1
423 4.928383e-04       1
424 1.686113e-04       1
425 1.261841e-03       1
426 5.750589e-04       1
427 1.514651e-04       1
428 2.545832e-04       1
429 1.548495e-03       1
430 2.064080e-03       1
431 2.341770e-03       1
432 1.835676e-06       1
433 1.051162e-03       1
434 9.506886e-04       1
435 1.020693e-04       1
436 6.046984e-03       1
437 4.608976e-04       1
438 3.534703e-03       1
439 4.882496e-03       1
440 6.706879e-04       1
441 7.477435e-05       1
442 5.031218e-03       1
443 1.023244e-04       1
444 2.084256e-03       1
445 3.233649e-03       1
446 4.493085e-07       1
447 5.414066e-03       1
448 9.136076e-03       1
449 1.448492e-03       1
450 1.790058e-03       1
451 2.889245e-03       1
452 5.516226e-03       1
453 5.534352e-04       1
454 6.609967e-07       1
455 1.964259e-06       1
456 8.102379e-05       1
457 2.426735e-05       1
458 1.274157e-05       1
459 2.493143e-03       1
460 4.531637e-03       1
461 2.921223e-07       1
462 3.992499e-04       1
463 2.136718e-03       1
464 1.957076e-04       1
465 3.958682e-04       1
466 2.519214e-03       1
467 5.600509e-04       1
468 3.317784e-05       1
469 3.605434e-03       1
470 1.862147e-07       1
471 9.123189e-06       1
472 8.811401e-06       1
473 4.149420e-03       1
474 4.808608e-04       1
475 2.752803e-05       1
476 2.693915e-04       1
477 5.026663e-03       1
478 2.379947e-03       1
479 1.154210e-03       1
480 5.581137e-05       1
481 8.527600e-04       1
482 6.157539e-04       1
483 3.456186e-04       1
484 2.063297e-04       1
485 3.736031e-03       1
486 1.716414e-04       1
487 7.592155e-04       1
488 1.544137e-03       1
489 4.778063e-03       1
490 7.106175e-05       1
491 3.189134e-04       1
492 6.190301e-06       1
493 4.006749e-03       1
494 6.236465e-04       1
495 4.131282e-03       1
496 1.762796e-02       1
497 1.562902e-03       1
498 3.489156e-07       1
499 1.648746e-03       1
500 6.812875e-03       1
501 3.938397e-03       1
502 2.302864e-04       1
503 1.220686e-03       1
504 5.678420e-05       1
505 7.634380e-05       1
506 5.109773e-05       1
507 1.474818e-03       1
508 7.644252e-04       1
509 6.194991e-05       1
510 2.229853e-03       1
511 1.506002e-03       1
512 1.289154e-03       1
513 6.693864e-04       1
514 2.687407e-04       1
515 6.147931e-03       1
516 1.111641e-04       1
517 9.526560e-04       1
518 3.627464e-05       1
519 4.940960e-05       1
520 2.845289e-03       1
521 5.112642e-04       1
522 4.613112e-04       1
523 9.829879e-05       1
524 4.048846e-04       1
525 3.376140e-04       1
526 1.740783e-03       1
527 3.148972e-05       1
528 1.534509e-05       1
529 7.442502e-04       1
530 2.621588e-03       1
531 1.572792e-04       1
532 2.291702e-03       1
533 1.133208e-04       1
534 6.567857e-03       1
535 5.146036e-03       1
536 2.024901e-05       1
537 3.615317e-07       1
538 4.341527e-03       1
539 1.904595e-03       1
540 2.505146e-03       1
541 4.301318e-05       1
542 5.696310e-07       1
543 3.242174e-04       1
544 1.272235e-03       1
545 1.224500e-04       1
546 3.578935e-03       1
547 1.902464e-04       1
548 5.749587e-05       1
549 2.482848e-03       1
550 1.337318e-03       1
551 2.003780e-03       1
552 4.570200e-07       1
553 2.336245e-04       1
554 2.552945e-04       1
555 2.794058e-04       1
556 7.843831e-04       1
557 4.880078e-03       1
558 2.243184e-04       1
559 9.889512e-04       1
560 3.209716e-03       1
561 2.584222e-03       1
562 4.788381e-04       1
563 1.968121e-04       1
564 8.493009e-05       1
565 3.487846e-03       1
566 3.397696e-06       1
567 6.551824e-03       1
568 1.913526e-03       1
569 4.924529e-05       1
570 1.300470e-03       1
571 7.285722e-04       1
572 1.151882e-03       1
573 1.430617e-03       1
574 1.654830e-03       1
575 9.400302e-04       1
576 6.012002e-05       1
577 6.076066e-04       1
578 9.620418e-04       1
579 8.327777e-04       1
580 6.530726e-04       1
581 2.584017e-04       1
582 1.931931e-03       1
583 4.423604e-03       1
584 7.292936e-04       1
585 7.937958e-07       1
586 1.946028e-03       1
587 6.650605e-06       1
588 5.910382e-04       1
589 4.488968e-04       1
590 7.146811e-03       1
591 1.153853e-03       1
592 9.388950e-04       1
593 7.219860e-05       1
594 6.146566e-06       1
595 1.548202e-04       1
596 3.689234e-04       1
597 3.650902e-03       1
598 1.655066e-04       1
599 2.074312e-03       1
600 2.222608e-03       1
601 1.159884e-02       1
602 8.528489e-03       1
603 2.343281e-03       1
604 1.856957e-04       1
605 1.543817e-04       1
606 6.855639e-03       1
607 1.078156e-03       1
608 1.422956e-03       1
609 3.251713e-04       1
610 1.797752e-03       1
611 1.345585e-03       1
612 2.446397e-05       1
613 1.247867e-04       1
614 3.141496e-03       1
615 1.763540e-03       1
616 7.807931e-04       1
617 2.766468e-03       1
618 1.141037e-03       1
619 3.315253e-03       1
620 1.183577e-03       1
621 1.785892e-04       1
622 1.185222e-02       1
623 1.164005e-03       1
624 1.080674e-03       1
625 1.793412e-03       1
626 7.199620e-04       1
627 1.636137e-03       1
628 5.815424e-04       1
629 8.395418e-05       1
630 1.011331e-03       1
631 1.567010e-03       1
632 3.686919e-05       1
633 6.084553e-06       1
634 2.489010e-03       1
635 8.879922e-04       1
636 1.824830e-03       1
637 4.603337e-04       1
638 4.712539e-06       1
639 5.646256e-03       1
640 2.043443e-02  0.0808
641 9.681817e-04       1
642 9.784902e-05       1
643 6.341791e-04       1
644 3.580568e-05       1
645 8.219722e-04       1
646 5.183837e-03       1
647 9.289038e-04       1
648 1.655536e-06       1
649 7.058390e-04       1
650 8.577412e-05       1
651 8.693062e-06       1
652 7.206145e-04       1
653 1.337942e-04       1
654 3.833666e-03       1
655 3.430165e-03       1
656 1.552556e-06       1
657 4.260674e-04       1
658 5.081152e-07       1
659 7.573853e-04       1
660 1.288990e-03       1
661 6.648564e-04       1
662 1.625917e-03       1
663 1.060106e-05       1
664 5.565987e-04       1
665 4.510058e-04       1
666 9.071756e-04       1
667 5.205551e-05       1
668 1.000143e-02       1
669 5.247530e-04       1
670 3.955639e-05       1
671 1.170114e-04       1
672 4.824444e-03       1
673 5.509116e-03       1
674 3.018814e-07       1
675 9.036207e-03       1
676 8.091189e-04       1
677 1.970426e-02       1
678 2.566786e-03       1
679 9.264567e-04       1
680 4.710568e-03       1
681 6.097474e-05       1
682 5.050916e-04       1
683 2.591741e-06       1
684 1.742602e-02       1
685 1.578252e-03       1
686 1.995559e-04       1
687 1.155707e-03       1
688 1.972795e-04       1
689 1.481770e-03       1
690 2.089850e-04       1
691 9.067163e-04       1
692 3.545587e-03       1
693 1.595983e-03       1
694 5.574558e-05       1
695 3.207008e-04       1
696 7.012897e-05       1
697 3.275017e-05       1
698 1.151590e-03       1
699 2.588846e-04       1
700 4.279915e-06       1
701 2.229519e-04       1
702 1.056987e-03       1
703 1.709488e-05       1
704 9.138152e-03 0.50096
705 9.438816e-05       1
706 3.998765e-04       1
707 8.254034e-04       1
708 2.134636e-03       1
709 2.430542e-04       1
710 1.977725e-04       1
711 1.146525e-03       1
712 1.217007e-03       1
713 9.071772e-03       1
714 2.580699e-03       1
715 2.252005e-03       1
716 4.003397e-04       1
717 2.543666e-04       1
718 6.198670e-06       1
719 7.774969e-04       1
720 5.520761e-04       1
721 1.028406e-03       1
722 1.833163e-03       1
723 1.687114e-02 0.01616
724 5.195428e-04       1
725 4.702839e-03       1
726 4.205468e-04       1
727 9.196720e-04       1
728 1.262532e-03       1
729 6.775796e-03       1
730 5.216691e-04       1
731 1.658356e-03       1
732 2.324604e-04       1
733 1.191998e-04       1
734 3.387139e-03       1
735 1.217550e-06       1
736 1.490055e-03       1
737 1.826875e-03       1
738 2.584108e-03       1
739 1.566811e-04       1
740 3.782062e-03       1
741 1.434058e-05       1
742 1.928245e-03       1
743 8.541942e-04       1
744 5.701470e-04       1
745 1.645794e-03       1
746 2.646429e-03       1
747 7.119837e-04       1
748 1.541834e-03       1
749 1.300003e-04       1
750 1.169832e-03       1
751 2.967063e-03       1
752 3.319580e-04       1
753 8.095276e-06       1
754 1.283068e-06       1
755 6.801555e-04       1
756 7.582605e-04       1
757 1.330164e-04       1
758 1.988396e-03       1
759 2.301840e-04       1
760 2.098002e-04       1
761 7.850650e-04       1
762 7.574894e-03       1
763 1.632388e-04       1
764 4.190287e-04       1
765 1.004044e-03       1
766 3.153857e-03       1
767 3.469920e-04       1
768 4.373711e-06       1
769 2.948344e-05       1
770 1.588259e-03       1
771 3.158840e-03       1
772 1.460391e-05       1
773 2.586599e-03       1
774 1.113574e-03       1
775 3.016061e-04       1
776 6.601973e-04       1
777 9.327376e-03       1
778 1.220833e-02       1
779 5.188421e-06       1
780 2.172400e-05       1
781 1.136899e-03       1
782 1.369546e-03       1
783 3.962151e-04       1
784 8.027730e-05       1
785 2.569806e-04       1
786 3.538021e-05       1
787 7.373943e-04       1
788 4.349632e-03       1
789 3.408605e-03       1
790 3.547086e-03       1
791 1.063904e-02       1
792 2.459030e-03       1
793 2.322965e-03       1
794 6.683195e-04       1
795 6.067234e-03       1
796 5.271790e-04       1
797 3.392522e-03       1
798 5.946905e-05       1
799 7.283935e-04       1
800 2.128666e-03       1
801 1.379258e-03       1
802 1.923273e-03       1
803 1.319081e-03       1
804 1.247265e-04       1
805 1.126961e-03       1
806 6.243818e-04       1
807 3.330857e-06       1
808 9.525864e-04       1

$`MR-PRESSO results`$`Distortion Test`
$`MR-PRESSO results`$`Distortion Test`$`Outliers Indices`
[1] 723

$`MR-PRESSO results`$`Distortion Test`$`Distortion Coefficient`
beta.exposure 
     37.10925 

$`MR-PRESSO results`$`Distortion Test`$Pvalue
[1] 0.92068



