$`Main MR results`
       Exposure       MR Analysis Causal Estimate         Sd    T-stat
1 beta.exposure               Raw     0.016320803 0.03044535 0.5360688
2 beta.exposure Outlier-corrected     0.007323904 0.02676610 0.2736261
    P-value
1 0.5929374
2 0.7848628

$`MR-PRESSO results`
$`MR-PRESSO results`$`Global Test`
$`MR-PRESSO results`$`Global Test`$RSSobs
[1] 162.9803

$`MR-PRESSO results`$`Global Test`$Pvalue
[1] 0.004


$`MR-PRESSO results`$`Outlier Test`
          RSSobs  Pvalue
1   1.014773e-04       1
2   2.704500e-04       1
3   2.111257e-06       1
4   1.224750e-04       1
5   2.782602e-04       1
6   7.009234e-04       1
7   3.377760e-04       1
8   7.440219e-04       1
9   7.807067e-05       1
10  1.916685e-05       1
11  6.941277e-07       1
12  6.001694e-04       1
13  2.332629e-04       1
14  4.193913e-05       1
15  9.241992e-07       1
16  3.887710e-03  0.4212
17  1.371473e-04       1
18  1.227827e-05       1
19  1.722184e-03       1
20  4.243738e-05       1
21  9.773622e-05       1
22  3.708583e-05       1
23  1.118553e-03       1
24  1.095213e-03       1
25  2.986364e-04       1
26  7.841955e-04       1
27  2.891876e-04       1
28  1.089368e-04       1
29  3.401368e-06       1
30  1.417880e-03       1
31  7.942059e-06       1
32  3.055301e-04       1
33  7.130356e-05       1
34  3.879186e-05       1
35  4.918038e-04       1
36  1.999921e-07       1
37  7.067364e-04       1
38  1.970684e-04       1
39  1.994227e-03       1
40  9.255170e-05       1
41  7.429389e-04       1
42  1.227598e-03       1
43  1.293391e-03       1
44  1.686074e-03       1
45  2.598602e-03       1
46  1.859846e-06       1
47  4.339632e-04       1
48  4.588647e-05       1
49  3.336382e-04       1
50  1.090233e-03       1
51  1.742762e-06       1
52  2.709762e-03       1
53  9.944265e-04       1
54  5.317216e-05       1
55  1.879136e-04       1
56  3.599943e-04       1
57  3.245440e-04       1
58  2.686814e-05       1
59  3.463215e-05       1
60  4.881967e-04       1
61  1.280621e-05       1
62  1.133590e-03       1
63  5.343476e-05       1
64  2.484640e-05       1
65  1.060541e-03       1
66  4.133053e-04       1
67  1.892623e-04       1
68  3.408540e-04       1
69  1.256229e-03       1
70  1.425032e-03       1
71  2.316870e-04       1
72  2.190169e-05       1
73  5.240285e-05       1
74  2.020703e-04       1
75  1.871798e-03       1
76  2.674809e-05       1
77  1.492886e-04       1
78  1.161004e-03       1
79  3.845367e-03   0.819
80  8.196989e-05       1
81  1.503392e-02 <0.0117
82  3.817351e-08       1
83  2.468758e-04       1
84  2.458257e-04       1
85  3.300406e-04       1
86  3.200988e-04       1
87  1.358594e-04       1
88  1.546825e-05       1
89  2.663037e-03       1
90  7.050387e-06       1
91  1.728905e-06       1
92  1.635540e-04       1
93  6.885497e-05       1
94  7.990657e-04       1
95  4.738102e-04       1
96  8.670779e-04       1
97  1.949006e-04       1
98  2.299133e-04       1
99  5.177061e-07       1
100 8.757943e-05       1
101 6.882819e-06       1
102 2.339759e-05       1
103 3.613668e-04       1
104 1.400980e-03       1
105 2.629567e-04       1
106 6.866840e-04       1
107 6.971739e-05       1
108 2.727484e-05       1
109 4.506406e-04       1
110 2.796450e-04       1
111 2.747778e-05       1
112 9.628770e-05       1
113 1.136036e-04       1
114 8.916868e-04       1
115 1.781396e-04       1
116 4.742975e-04       1
117 2.513566e-05       1

$`MR-PRESSO results`$`Distortion Test`
$`MR-PRESSO results`$`Distortion Test`$`Outliers Indices`
[1] 81

$`MR-PRESSO results`$`Distortion Test`$`Distortion Coefficient`
beta.exposure 
     122.8429 

$`MR-PRESSO results`$`Distortion Test`$Pvalue
[1] 0.3477



