$`Main MR results`
       Exposure       MR Analysis Causal Estimate         Sd     T-stat
1 beta.exposure               Raw    -0.006112512 0.01892080 -0.3230579
2 beta.exposure Outlier-corrected    -0.014878359 0.01335085 -1.1144126
    P-value
1 0.7472330
2 0.2674259

$`MR-PRESSO results`
$`MR-PRESSO results`$`Global Test`
$`MR-PRESSO results`$`Global Test`$RSSobs
[1] 237.6786

$`MR-PRESSO results`$`Global Test`$Pvalue
[1] "<1e-04"


$`MR-PRESSO results`$`Outlier Test`
          RSSobs  Pvalue
1   6.409685e-08       1
2   1.542095e-04       1
3   2.330302e-05       1
4   3.493636e-04       1
5   1.954947e-05       1
6   8.888234e-05       1
7   1.039891e-04       1
8   8.585957e-05       1
9   9.502135e-05       1
10  4.251460e-05       1
11  2.236358e-04       1
12  1.196337e-06       1
13  3.415545e-05       1
14  3.672889e-05       1
15  2.566573e-05       1
16  2.236957e-04       1
17  9.445736e-05       1
18  1.807473e-05       1
19  2.149728e-05       1
20  1.150124e-03   0.702
21  1.343665e-04       1
22  1.113193e-03       1
23  7.617218e-05       1
24  1.982531e-05       1
25  1.113814e-05       1
26  1.436487e-05       1
27  7.674078e-05       1
28  1.370833e-04       1
29  2.145200e-04       1
30  3.820528e-06       1
31  1.188476e-05       1
32  1.709618e-04       1
33  1.812612e-04       1
34  4.640589e-06       1
35  2.371379e-05       1
36  2.723573e-04       1
37  6.382620e-06       1
38  7.755885e-04       1
39  3.650605e-04       1
40  8.861380e-06       1
41  1.911414e-04       1
42  9.895904e-05       1
43  2.753695e-04       1
44  3.312976e-05       1
45  3.635201e-04       1
46  1.349234e-04       1
47  2.880395e-04       1
48  6.974969e-04       1
49  1.497147e-05       1
50  1.304570e-05       1
51  1.595652e-06       1
52  3.155107e-04       1
53  1.177281e-05       1
54  2.713134e-06       1
55  3.634117e-05       1
56  1.274271e-04       1
57  4.859939e-04       1
58  1.631484e-05       1
59  4.646622e-06       1
60  7.321567e-05       1
61  4.665260e-06       1
62  2.118087e-04       1
63  6.227405e-06       1
64  6.119365e-06       1
65  8.924861e-05       1
66  7.517314e-05       1
67  2.426970e-04       1
68  9.493533e-05       1
69  1.569806e-06       1
70  1.005068e-07       1
71  2.006371e-05       1
72  2.064621e-04       1
73  1.551707e-05       1
74  1.768058e-06       1
75  3.113726e-05       1
76  1.745594e-05       1
77  1.293705e-05       1
78  1.193150e-04       1
79  7.731574e-06       1
80  1.802888e-06       1
81  1.094623e-02 <0.0117
82  5.226671e-06       1
83  1.809604e-07       1
84  1.572159e-04       1
85  1.636195e-05       1
86  1.994310e-04       1
87  1.466360e-04       1
88  1.493827e-04       1
89  1.083287e-05       1
90  3.511880e-05       1
91  1.457848e-05       1
92  9.854731e-05       1
93  1.506831e-06       1
94  3.676668e-07       1
95  4.188832e-04       1
96  1.320290e-06       1
97  6.467059e-04       1
98  2.387893e-04       1
99  4.596667e-05       1
100 6.194233e-05       1
101 2.306633e-04       1
102 2.030815e-04       1
103 2.842359e-06       1
104 1.131148e-04       1
105 9.094194e-06       1
106 1.853398e-05       1
107 1.126160e-04       1
108 1.834989e-06       1
109 1.425305e-04       1
110 1.043011e-04       1
111 1.155828e-04       1
112 2.571137e-04       1
113 1.520533e-04       1
114 4.321265e-04       1
115 1.480651e-04       1
116 3.139846e-07       1
117 5.310588e-05       1

$`MR-PRESSO results`$`Distortion Test`
$`MR-PRESSO results`$`Distortion Test`$`Outliers Indices`
[1] 81

$`MR-PRESSO results`$`Distortion Test`$`Distortion Coefficient`
beta.exposure 
     58.91676 

$`MR-PRESSO results`$`Distortion Test`$Pvalue
[1] 0.6863



