$`Main MR results`
       Exposure       MR Analysis Causal Estimate          Sd    T-stat
1 beta.exposure               Raw      0.00263087 0.009141718 0.2877873
2 beta.exposure Outlier-corrected              NA          NA        NA
    P-value
1 0.7737007
2        NA

$`MR-PRESSO results`
$`MR-PRESSO results`$`Global Test`
$`MR-PRESSO results`$`Global Test`$RSSobs
[1] 397.6032

$`MR-PRESSO results`$`Global Test`$Pvalue
[1] 0.00128


$`MR-PRESSO results`$`Outlier Test`
          RSSobs  Pvalue
1   7.067966e-06       1
2   3.645617e-04       1
3   1.110264e-02 0.32552
4   3.364170e-03       1
5   6.559341e-04       1
6   1.551699e-03       1
7   1.059604e-03       1
8   2.703124e-04       1
9   2.965664e-03       1
10  1.120687e-05       1
11  3.290139e-04       1
12  4.117568e-06       1
13  6.554931e-05       1
14  7.178586e-04       1
15  6.948474e-04       1
16  2.953152e-04       1
17  2.184747e-04       1
18  1.941467e-05       1
19  3.663082e-04       1
20  2.792453e-05       1
21  1.597953e-03       1
22  4.266173e-04       1
23  1.908548e-03       1
24  1.121910e-06       1
25  1.739420e-03       1
26  2.279553e-03       1
27  1.332752e-04       1
28  2.767508e-05       1
29  2.697624e-03       1
30  1.485880e-03       1
31  1.321521e-03       1
32  1.743184e-03       1
33  4.041577e-05       1
34  1.521461e-03       1
35  4.717015e-04       1
36  7.164778e-06       1
37  8.037001e-03  0.5634
38  6.437468e-04       1
39  7.247343e-04       1
40  2.159973e-04       1
41  5.825139e-03       1
42  7.860865e-04       1
43  8.080869e-04       1
44  2.264214e-03       1
45  2.301541e-04       1
46  1.710233e-03       1
47  3.305709e-01       1
48  1.531820e-03       1
49  2.230427e-04       1
50  9.377096e-04       1
51  9.157726e-04       1
52  1.093747e-04       1
53  1.324260e-04       1
54  6.901713e-04       1
55  7.994624e-04       1
56  1.349045e-04       1
57  1.864357e-07       1
58  3.980270e-03       1
59  2.759853e-05       1
60  7.683988e-04       1
61  1.630550e-03       1
62  5.986058e-04       1
63  5.633002e-04       1
64  2.880795e-06       1
65  1.419813e-02       1
66  1.636129e-03       1
67  8.035384e-04       1
68  2.415165e-04       1
69  6.950044e-03       1
70  1.677143e-03       1
71  2.197457e-03       1
72  4.603395e-04       1
73  2.329339e-04       1
74  4.822117e-05       1
75  9.498735e-04       1
76  1.537810e-04       1
77  2.549451e-04       1
78  5.650329e-04       1
79  2.735971e-04       1
80  7.398902e-04       1
81  3.551276e-03       1
82  7.058960e-03       1
83  2.543217e-03       1
84  2.035453e-04       1
85  1.512161e-03       1
86  3.962644e-04       1
87  8.913293e-04       1
88  1.169953e-03       1
89  3.528164e-04       1
90  9.083336e-05       1
91  3.196954e-04       1
92  1.568199e-07       1
93  1.010066e-03       1
94  1.994089e-03       1
95  6.033015e-03       1
96  5.246557e-05       1
97  7.296346e-06       1
98  3.357996e-03       1
99  4.445336e-05       1
100 3.431463e-04       1
101 4.911364e-06       1
102 2.692869e-03       1
103 2.791005e-05       1
104 9.866906e-05       1
105 1.996119e-05       1
106 5.301619e-04       1
107 1.158733e-03       1
108 4.494634e-03       1
109 9.978518e-04       1
110 2.288163e-03       1
111 1.794651e-03       1
112 2.001856e-03       1
113 3.756604e-08       1
114 2.164810e-04       1
115 5.215767e-04       1
116 1.572235e-04       1
117 3.602395e-03       1
118 1.479243e-03       1
119 4.501799e-04       1
120 2.101107e-04       1
121 5.465969e-04       1
122 3.692048e-03       1
123 2.810961e-04       1
124 3.133467e-07       1
125 2.292699e-03       1
126 2.698548e-03       1
127 1.805827e-03       1
128 2.451185e-03       1
129 2.482263e-03       1
130 7.296053e-08       1
131 5.501344e-04       1
132 1.383739e-03       1
133 1.681169e-03       1
134 1.365101e-04       1
135 7.665599e-05       1
136 4.409103e-04       1
137 1.291069e-04       1
138 4.510540e-04       1
139 9.153264e-04       1
140 3.453239e-03       1
141 1.809014e-04       1
142 1.397316e-04       1
143 1.339678e-03       1
144 2.032470e-04       1
145 1.114407e-03       1
146 2.078781e-04       1
147 4.169247e-05       1
148 2.904665e-04       1
149 3.425787e-06       1
150 4.807718e-05       1
151 1.656020e-04       1
152 5.288695e-03       1
153 5.810884e-04       1
154 7.938103e-04       1
155 2.680824e-03       1
156 2.545322e-03       1
157 1.647467e-03       1
158 8.722491e-04       1
159 1.072506e-03       1
160 7.867456e-04       1
161 4.806218e-04       1
162 3.742354e-04       1
163 2.136446e-04       1
164 5.595319e-04       1
165 2.578453e-04       1
166 4.933906e-06       1
167 1.152866e-03       1
168 8.413009e-06       1
169 1.831162e-06       1
170 3.131304e-05       1
171 1.540583e-03       1
172 9.943692e-04       1
173 5.175153e-05       1
174 9.886489e-04       1
175 6.831269e-04       1
176 1.238329e-04       1
177 1.228288e-03       1
178 4.226770e-03       1
179 5.459725e-04       1
180 6.461627e-04       1
181 5.390889e-06       1
182 1.239304e-04       1
183 5.813521e-03       1
184 2.023062e-03       1
185 6.236798e-05       1
186 9.098999e-06       1
187 1.297068e-04       1
188 1.309716e-03       1
189 1.651923e-05       1
190 1.977132e-03       1
191 3.809535e-04       1
192 3.213069e-03       1
193 3.425319e-03       1
194 6.089394e-05       1
195 8.593496e-04       1
196 5.151565e-04       1
197 1.264141e-02       1
198 1.768186e-03       1
199 6.714706e-04       1
200 9.932252e-04       1
201 1.162583e-06       1
202 4.873568e-05       1
203 5.607430e-04       1
204 1.607792e-03       1
205 6.048692e-05       1
206 3.256176e-05       1
207 4.246873e-04       1
208 8.739848e-05       1
209 7.526268e-03       1
210 5.321286e-03       1
211 4.358463e-05       1
212 8.348408e-05       1
213 1.970279e-03       1
214 1.114581e-03       1
215 2.122642e-04       1
216 7.904129e-04       1
217 2.898503e-03       1
218 7.193140e-06       1
219 2.434434e-04       1
220 6.755269e-04       1
221 3.739060e-03       1
222 1.777233e-04       1
223 1.224331e-04       1
224 1.154252e-05       1
225 1.981256e-03       1
226 1.197089e-04       1
227 3.296392e-03       1
228 1.289588e-03       1
229 6.799117e-04       1
230 7.629787e-03 0.95152
231 3.050773e-03       1
232 1.877277e-04       1
233 1.956233e-03       1
234 2.661710e-04       1
235 4.021701e-04       1
236 1.145545e-03       1
237 6.060846e-07       1
238 4.953984e-04       1
239 3.247006e-03       1
240 1.406102e-03       1
241 1.245885e-05       1
242 2.581393e-04       1
243 8.775380e-05       1
244 6.420011e-03       1
245 1.178505e-03       1
246 2.712914e-03       1
247 4.558265e-03       1
248 2.041305e-05       1
249 1.577302e-05       1
250 3.052859e-03       1
251 6.918673e-05       1
252 1.604786e-03       1
253 2.701540e-03       1
254 2.099629e-03       1
255 7.851931e-04       1
256 1.941333e-04       1
257 1.003506e-03       1
258 3.475994e-04       1
259 1.021871e-04       1
260 1.516472e-04       1
261 2.830419e-03       1
262 1.527476e-03       1
263 3.531713e-06       1
264 1.092337e-03       1
265 7.299106e-04       1
266 2.813620e-05       1
267 2.082940e-03       1
268 3.477520e-03       1
269 6.387484e-05       1
270 8.238158e-05       1
271 4.658248e-04       1
272 1.314596e-04       1
273 1.159302e-03       1
274 2.034992e-03       1
275 2.002463e-01       1
276 5.018353e-04       1
277 2.079433e-03       1
278 5.134593e-05       1
279 1.373555e-04       1
280 2.585519e-03       1
281 2.166641e-03       1
282 7.413822e-04       1
283 8.888856e-04       1
284 2.042928e-03       1
285 1.841551e-06       1
286 3.957584e-03       1
287 2.473850e-03       1
288 2.682947e-04       1
289 2.193452e-05       1
290 1.860051e-03       1
291 8.513856e-05       1
292 1.348826e-04       1
293 1.161792e-05       1
294 3.510933e-05       1
295 1.367131e-03       1
296 3.974167e-03       1
297 1.506302e-04       1
298 6.621036e-04       1
299 2.303346e-03       1
300 3.173883e-03       1
301 1.557233e-04       1
302 4.324473e-04       1
303 1.371012e-03       1
304 1.324869e-04       1
305 1.658030e-04       1
306 1.043087e-05       1
307 1.198335e-03       1
308 1.549851e-03       1
309 3.423542e-05       1
310 1.046981e-04       1
311 5.339983e-05       1
312 7.545459e-05       1
313 6.202486e-04       1

$`MR-PRESSO results`$`Distortion Test`
$`MR-PRESSO results`$`Distortion Test`$`Outliers Indices`
[1] "No significant outliers"

$`MR-PRESSO results`$`Distortion Test`$`Distortion Coefficient`
[1] NA

$`MR-PRESSO results`$`Distortion Test`$Pvalue
[1] NA



