SNP	CHROM	POS	REF	ALT	AF	BETA	SE	Z	P	N	TRAIT
rs2240336	1	17674402	C	T	0.419	-0.038138	0.023731	-1.6070962032784122	0.108	1019179	COVID:_hospitalized_vs._population
rs28411352	1	38278579	C	T	0.273	-0.10062	0.02766	-3.637744034707158	2.75e-4	1019179	COVID:_hospitalized_vs._population
rs2476601	1	114377568	A	G	0.8776	0.021797	0.043595	0.4999885307948159	0.6171	985195	COVID:_hospitalized_vs._population
rs61828284	1	173299743	C	T	0.07628	0.025516999999999998	0.045431	0.561664942440184	0.5743	1012610	COVID:_hospitalized_vs._population
rs4452313	3	17047032	A	T	0.3015	-0.019861	0.024831	-0.7998469654866901	0.4238	1019179	COVID:_hospitalized_vs._population
rs9310852	3	27784997	A	G	0.4708	-0.044911	0.028862	-1.5560598711108031	0.1197	995703	COVID:_hospitalized_vs._population
rs73081554	3	58302935	C	T	0.0694	0.028887	0.064291	0.4493163895413044	0.6532	1002554	COVID:_hospitalized_vs._population
rs34046593	4	26111593	G	A	0.2961	0.065368	0.029998	2.179078605240349	0.02932	1009123	COVID:_hospitalized_vs._population
rs7731626	5	55444683	G	A	0.3499	0.0033926000000000004	0.024207	0.1401495435204693	0.8885	1018566	COVID:_hospitalized_vs._population
rs2561477	5	102608924	G	A	0.3069	-0.0037736999999999996	0.030641	-0.12315851310335822	0.902	1009123	COVID:_hospitalized_vs._population
rs75599496	6	29205139	G	A	0.06487	0.011908	0.053857	0.22110403475871288	0.825	1019179	COVID:_hospitalized_vs._population
rs73432769	6	30716170	C	T	0.02305	0.0046058	0.070881	0.06497933155570605	0.9482	1019179	COVID:_hospitalized_vs._population
rs7754520	6	31906505	C	T	0.09073	0.040141	0.039152	1.0252605230894973	0.3052	1018566	COVID:_hospitalized_vs._population
rs9296009	6	32114515	A	T	0.2251	0.027576999999999997	0.037097000000000005	0.7433754751058035	0.4573	1009123	COVID:_hospitalized_vs._population
rs9277398	6	33051280	T	C	0.3055	0.028189999999999996	0.031276	0.9013300933623225	0.3674	1006906	COVID:_hospitalized_vs._population
rs9277956	6	33211790	G	C	0.1483	0.009353799999999999	0.039582	0.2363144863826992	0.8132	742997	COVID:_hospitalized_vs._population
rs3799963	6	44231479	G	C	0.05096	0.042714999999999996	0.074165	0.5759455268657723	0.5646	981095	COVID:_hospitalized_vs._population
rs17264332	6	138005515	A	G	0.1994	0.01975	0.029507	0.6693327007150845	0.5033	1012610	COVID:_hospitalized_vs._population
rs212389	6	159489791	G	A	0.6372	0.024034	0.024299	0.9890942014074653	0.3226	1018566	COVID:_hospitalized_vs._population
rs1571878	6	167540842	C	T	0.5543	-0.021836	0.023503	-0.929072884312641	0.3529	1019179	COVID:_hospitalized_vs._population
rs11574914	9	34710338	G	A	0.3202	-0.031665	0.031437	-1.0072526004389732	0.3138	995703	COVID:_hospitalized_vs._population
rs10985070	9	123636121	C	A	0.5487	0.013768	0.029320999999999996	0.46956106544797255	0.6387	981708	COVID:_hospitalized_vs._population
rs706778	10	6098949	C	T	0.44	0.013142	0.02356	0.5578098471986417	0.5770000000000001	1019179	COVID:_hospitalized_vs._population
rs537544	10	8108382	C	T	0.6218	0.0031858	0.029605000000000003	0.10761020097956425	0.9143	1008510	COVID:_hospitalized_vs._population
rs12764378	10	63800004	G	A	0.2102	-0.0020408	0.028172000000000003	-0.07244072128354394	0.9423	1019179	COVID:_hospitalized_vs._population
rs10790268	11	118729391	A	G	0.8121	-0.068277	0.029160000000000002	-2.3414609053497943	0.019209999999999998	1019179	COVID:_hospitalized_vs._population
rs9603608	13	40318819	A	C	0.3399	-0.026893	0.02538	-1.0596138691883372	0.2893	1019179	COVID:_hospitalized_vs._population
rs13330176	16	86019087	T	A	0.2278	0.020057	0.034227999999999995	0.5859822367652215	0.5579	1009123	COVID:_hospitalized_vs._population
rs59716545	17	38031857	T	G	0.4572	0.048115	0.024243	1.9846966134554302	0.04718	506057	COVID:_hospitalized_vs._population
rs592390	18	12822314	T	C	0.4416	0.0046713	0.023701	0.1970929496645711	0.8438	1019179	COVID:_hospitalized_vs._population
rs4239702	20	44749251	T	C	0.7243	-0.0093631	0.025727999999999997	-0.36392646144278606	0.7159	1019179	COVID:_hospitalized_vs._population
rs8133843	21	36738242	G	A	0.6171	0.067235	0.028638	2.347754731475662	0.01888	1009123	COVID:_hospitalized_vs._population
rs225433	21	43809418	C	G	0.2352	0.031797000000000006	0.037073	0.8576861867127021	0.3911	995090	COVID:_hospitalized_vs._population
rs2069235	22	39747780	G	A	0.3089	0.02259	0.025692000000000003	0.8792620270901447	0.3793	1019179	COVID:_hospitalized_vs._population
rs187786174	NA	NA	NA	NA	NA	NA	NA	NA	NA	NA	NA
rs34695944	NA	NA	NA	NA	NA	NA	NA	NA	NA	NA	NA
rs2661798	NA	NA	NA	NA	NA	NA	NA	NA	NA	NA	NA
rs9653442	NA	NA	NA	NA	NA	NA	NA	NA	NA	NA	NA
rs13426947	NA	NA	NA	NA	NA	NA	NA	NA	NA	NA	NA
rs3087243	NA	NA	NA	NA	NA	NA	NA	NA	NA	NA	NA
rs2858329	NA	NA	NA	NA	NA	NA	NA	NA	NA	NA	NA
rs3778753	NA	NA	NA	NA	NA	NA	NA	NA	NA	NA	NA
rs8032939	NA	NA	NA	NA	NA	NA	NA	NA	NA	NA	NA
rs8026898	NA	NA	NA	NA	NA	NA	NA	NA	NA	NA	NA
rs74956615	NA	NA	NA	NA	NA	NA	NA	NA	NA	NA	NA
