$`Main MR results`
       Exposure       MR Analysis Causal Estimate          Sd    T-stat
1 beta.exposure               Raw     0.002250162 0.004476367 0.5026761
2 beta.exposure Outlier-corrected     0.003546785 0.004404989 0.8051747
    P-value
1 0.6154407
2 0.4211498

$`MR-PRESSO results`
$`MR-PRESSO results`$`Global Test`
$`MR-PRESSO results`$`Global Test`$RSSobs
[1] 537.6501

$`MR-PRESSO results`$`Global Test`$Pvalue
[1] 0.00244


$`MR-PRESSO results`$`Outlier Test`
          RSSobs   Pvalue
1   8.462781e-05        1
2   1.458668e-05        1
3   6.587052e-05        1
4   9.921942e-05        1
5   2.598727e-04        1
6   3.170069e-04        1
7   3.117015e-05        1
8   8.455471e-04        1
9   2.168194e-04        1
10  1.787602e-03  0.82064
11  2.867254e-04        1
12  9.699833e-08        1
13  4.392534e-04        1
14  1.053899e-04        1
15  4.873691e-05        1
16  1.263481e-06        1
17  3.835164e-04        1
18  7.605598e-06        1
19  6.727523e-05        1
20  9.540914e-08        1
21  6.551582e-05        1
22  3.900590e-04        1
23  4.205368e-05        1
24  1.551711e-03        1
25  1.140677e-03        1
26  4.459899e-04        1
27  3.845757e-04        1
28  1.816638e-07        1
29  1.067050e-04        1
30  2.024805e-05        1
31  3.451586e-05        1
32  1.879367e-04        1
33  9.347673e-04        1
34  2.596108e-05        1
35  2.151490e-04        1
36  3.557877e-04        1
37  1.410829e-05        1
38  2.877062e-04        1
39  7.204191e-09        1
40  6.986305e-04        1
41  1.079320e-03        1
42  2.965945e-03        1
43  9.586714e-04        1
44  1.318022e-04        1
45  7.633587e-04        1
46  3.306162e-05        1
47  8.273400e-04        1
48  1.635427e-07        1
49  6.311472e-05        1
50  6.626216e-04        1
51  7.786038e-06        1
52  9.627121e-04        1
53  2.852477e-06        1
54  1.930018e-04        1
55  1.012835e-03        1
56  1.043749e-04        1
57  7.989574e-05        1
58  2.985493e-04        1
59  5.304395e-04        1
60  1.916267e-05        1
61  7.274669e-05        1
62  1.513028e-06        1
63  6.252827e-06        1
64  7.146688e-05        1
65  1.069328e-05        1
66  3.016232e-04        1
67  3.680424e-05        1
68  1.106873e-04        1
69  1.298696e-05        1
70  3.999369e-05        1
71  1.181894e-04        1
72  5.362609e-04        1
73  4.304668e-04        1
74  6.105596e-05        1
75  1.075068e-05        1
76  1.994484e-06        1
77  1.524460e-07        1
78  1.059217e-04        1
79  1.368465e-04        1
80  3.806412e-04        1
81  4.767508e-04        1
82  3.886545e-05        1
83  2.391606e-04        1
84  5.166450e-04        1
85  2.336607e-04        1
86  5.232234e-06        1
87  2.099302e-03        1
88  1.228886e-03        1
89  5.174242e-05        1
90  1.755940e-04        1
91  5.949465e-07        1
92  3.115716e-05        1
93  1.338346e-07        1
94  3.178137e-04        1
95  6.252622e-06        1
96  1.943407e-05        1
97  2.069756e-04        1
98  3.527934e-04        1
99  1.191990e-03        1
100 8.894438e-05        1
101 1.439444e-04        1
102 2.086809e-04        1
103 6.151062e-05        1
104 1.499820e-04        1
105 7.436090e-04        1
106 2.811870e-07        1
107 8.566917e-04        1
108 5.707760e-06        1
109 1.842528e-04        1
110 2.562136e-06        1
111 2.144709e-04        1
112 6.400753e-05        1
113 1.046385e-05        1
114 3.505207e-03        1
115 1.334076e-03        1
116 7.524077e-07        1
117 1.416582e-04        1
118 1.631878e-04        1
119 1.785007e-05        1
120 2.118951e-05        1
121 1.252343e-03        1
122 2.965620e-03        1
123 1.623423e-04        1
124 1.382253e-04        1
125 1.854376e-04        1
126 1.215486e-04        1
127 7.217480e-06        1
128 2.918689e-04        1
129 6.320721e-04        1
130 2.474029e-04        1
131 5.657460e-04        1
132 1.432934e-04        1
133 2.906058e-04        1
134 4.939703e-04        1
135 5.250674e-04        1
136 1.336631e-04        1
137 8.977118e-05        1
138 2.075537e-04        1
139 1.408901e-06        1
140 7.998005e-04        1
141 5.834086e-04        1
142 9.394563e-04        1
143 5.480093e-04        1
144 5.807235e-05        1
145 9.460623e-05        1
146 6.645286e-05        1
147 1.208375e-04        1
148 4.808287e-05        1
149 1.313690e-05        1
150 1.704418e-04        1
151 1.423787e-02        1
152 1.773360e-04        1
153 4.841856e-04        1
154 1.174600e-03        1
155 7.175033e-05        1
156 6.195529e-04        1
157 5.942157e-06        1
158 4.896521e-05        1
159 4.056983e-04        1
160 5.257053e-05        1
161 9.198609e-05        1
162 3.826981e-04        1
163 9.790186e-05        1
164 5.449127e-04        1
165 1.104735e-04        1
166 1.775246e-05        1
167 4.456265e-04        1
168 2.732607e-05        1
169 2.005712e-06        1
170 2.038942e-04        1
171 2.092157e-04        1
172 8.389883e-04        1
173 1.625653e-04        1
174 1.993563e-04        1
175 4.522517e-04        1
176 2.206441e-04        1
177 1.214874e-05        1
178 3.915856e-05        1
179 9.916174e-05        1
180 1.655895e-05        1
181 3.563682e-04        1
182 1.775334e-04        1
183 8.932546e-05        1
184 1.530348e-04        1
185 5.567885e-04        1
186 1.499116e-06        1
187 3.550202e-05        1
188 1.093505e-03        1
189 3.135075e-04        1
190 4.751602e-04        1
191 3.953540e-05        1
192 7.158346e-05        1
193 6.470516e-04        1
194 8.497624e-05        1
195 4.203968e-05        1
196 2.093011e-04        1
197 1.997410e-04        1
198 1.732632e-04        1
199 2.872028e-04        1
200 4.092563e-04        1
201 2.108906e-04        1
202 1.762444e-04        1
203 1.840786e-04        1
204 5.733707e-04        1
205 6.108994e-07        1
206 4.375371e-04        1
207 4.484538e-04        1
208 1.234136e-04        1
209 1.488871e-04        1
210 6.704652e-04        1
211 2.997860e-04        1
212 5.915119e-05        1
213 1.637469e-03        1
214 2.484972e-04        1
215 2.552033e-03  0.66008
216 3.656289e-03        1
217 1.262136e-08        1
218 6.394494e-05        1
219 5.318527e-04        1
220 8.161896e-05        1
221 4.472828e-05        1
222 1.254674e-05        1
223 1.865171e-05        1
224 3.494695e-05        1
225 1.103752e-05        1
226 1.534776e-05        1
227 1.370454e-04        1
228 1.453723e-03        1
229 1.530807e-03        1
230 1.071179e-04        1
231 2.847487e-04        1
232 6.597172e-04        1
233 9.759290e-04        1
234 7.981070e-05        1
235 5.215340e-04        1
236 1.324985e-07        1
237 2.620188e-04        1
238 2.219620e-04        1
239 8.678715e-04        1
240 2.739427e-04        1
241 1.627213e-04        1
242 9.065381e-05        1
243 5.425049e-04        1
244 5.073051e-04        1
245 4.178440e-06        1
246 5.624342e-05        1
247 1.043793e-05        1
248 9.572252e-04        1
249 4.279223e-05        1
250 2.052749e-06        1
251 7.270520e-05        1
252 8.398595e-06        1
253 2.602685e-05        1
254 6.588176e-04        1
255 2.383374e-06        1
256 4.840159e-05        1
257 4.859546e-05        1
258 9.803985e-05        1
259 3.613557e-04        1
260 6.068817e-05        1
261 9.664512e-06        1
262 1.946849e-08        1
263 7.079884e-04        1
264 5.285599e-05        1
265 9.435256e-05        1
266 3.572523e-04        1
267 4.599215e-04        1
268 5.465129e-07        1
269 5.212801e-05        1
270 1.777784e-04        1
271 1.136874e-04        1
272 5.249304e-04        1
273 1.216170e-04        1
274 2.187086e-06        1
275 1.923762e-05        1
276 1.632916e-05        1
277 3.511061e-04        1
278 9.448413e-05        1
279 5.771631e-03 <0.01784
280 5.414964e-04        1
281 1.390232e-03        1
282 1.282552e-04        1
283 4.665448e-03        1
284 1.157307e-04        1
285 1.343524e-04        1
286 1.193390e-04        1
287 2.590322e-03        1
288 3.057292e-05        1
289 7.158461e-05        1
290 3.039276e-04        1
291 3.356294e-07        1
292 4.216228e-04        1
293 1.553971e-04        1
294 1.911259e-04        1
295 2.791017e-03        1
296 5.156583e-05        1
297 5.954602e-05        1
298 9.355223e-06        1
299 9.031506e-06        1
300 5.015564e-07        1
301 5.140689e-04        1
302 4.280990e-04        1
303 4.978469e-05        1
304 7.369167e-04        1
305 7.061185e-04        1
306 1.963399e-04        1
307 7.842883e-04        1
308 6.442771e-04        1
309 3.662130e-04        1
310 1.282703e-03        1
311 2.780485e-04        1
312 6.579644e-04        1
313 4.804606e-06        1
314 1.741100e-04        1
315 1.083722e-03        1
316 1.592448e-04        1
317 2.354341e-05        1
318 7.287909e-04        1
319 2.411440e-05        1
320 1.839357e-03        1
321 1.574440e-05        1
322 9.928681e-06        1
323 3.298629e-07        1
324 8.435889e-05        1
325 5.506057e-06        1
326 4.329494e-04        1
327 6.369254e-04        1
328 5.356326e-05        1
329 3.184425e-04        1
330 2.402148e-04        1
331 8.470861e-06        1
332 7.445548e-05        1
333 4.374480e-05        1
334 1.580573e-05        1
335 2.163458e-04        1
336 4.694843e-04        1
337 6.097291e-05        1
338 1.233965e-04        1
339 1.589348e-04        1
340 7.894593e-05        1
341 2.492447e-05        1
342 1.347747e-05        1
343 2.493465e-04        1
344 9.789751e-05        1
345 5.980029e-06        1
346 8.811067e-06        1
347 1.330211e-03        1
348 3.541993e-08        1
349 1.892849e-04        1
350 5.508595e-05        1
351 1.879931e-04        1
352 4.388999e-07        1
353 9.712134e-06        1
354 6.070317e-07        1
355 2.243300e-03        1
356 1.550201e-04        1
357 4.257745e-06        1
358 2.819210e-04        1
359 2.135382e-04        1
360 1.657221e-04        1
361 1.261707e-04        1
362 3.132965e-05        1
363 3.107848e-04        1
364 4.451875e-05        1
365 2.358384e-03        1
366 2.323908e-04        1
367 1.445743e-03        1
368 4.261962e-04        1
369 1.046932e-04        1
370 1.408010e-03        1
371 1.586448e-04        1
372 4.268537e-04        1
373 3.359012e-03        1
374 5.957487e-05        1
375 1.177477e-04        1
376 3.401399e-04        1
377 3.752311e-04        1
378 1.016355e-03        1
379 4.748459e-06        1
380 9.672820e-06        1
381 2.100120e-04        1
382 9.501367e-04        1
383 5.223712e-04        1
384 6.976208e-04        1
385 3.510771e-04        1
386 1.216282e-04        1
387 3.895399e-03        1
388 1.254420e-05        1
389 1.149559e-03        1
390 2.057341e-04        1
391 4.055891e-05        1
392 5.812312e-04        1
393 3.886409e-04        1
394 3.621696e-03        1
395 6.923386e-03        1
396 6.757066e-04        1
397 5.314726e-06        1
398 9.285572e-05        1
399 5.491906e-05        1
400 3.494249e-06        1
401 1.015469e-04        1
402 1.416144e-04        1
403 2.768543e-05        1
404 1.927329e-04        1
405 2.113507e-08        1
406 1.595366e-04        1
407 8.787967e-06        1
408 1.630254e-06        1
409 4.711072e-06        1
410 5.539935e-05        1
411 6.741976e-04        1
412 6.008855e-04        1
413 2.386284e-06        1
414 1.663988e-03        1
415 1.120097e-05        1
416 1.032330e-03        1
417 6.631335e-04        1
418 6.700873e-05        1
419 9.710666e-04        1
420 9.907135e-06        1
421 4.645925e-04        1
422 3.100772e-03  0.05352
423 5.672852e-05        1
424 1.013556e-04        1
425 1.137061e-04        1
426 1.255329e-04        1
427 7.949100e-04        1
428 8.951018e-06        1
429 1.574845e-04        1
430 1.270634e-04        1
431 3.228515e-05        1
432 9.223937e-05        1
433 4.263191e-06        1
434 5.484298e-05        1
435 2.619073e-07        1
436 9.344728e-06        1
437 1.901986e-04        1
438 8.118901e-05        1
439 6.452461e-05        1
440 1.194982e-04        1
441 6.595874e-05        1
442 2.702135e-06        1
443 6.438255e-10        1
444 6.270458e-05        1
445 1.975293e-05        1
446 1.103806e-03        1

$`MR-PRESSO results`$`Distortion Test`
$`MR-PRESSO results`$`Distortion Test`$`Outliers Indices`
[1] 279

$`MR-PRESSO results`$`Distortion Test`$`Distortion Coefficient`
beta.exposure 
     -36.5577 

$`MR-PRESSO results`$`Distortion Test`$Pvalue
[1] 0.82424



