$`Main MR results`
       Exposure       MR Analysis Causal Estimate         Sd     T-stat
1 beta.exposure               Raw     -0.01338454 0.05206546 -0.2570713
2 beta.exposure Outlier-corrected     -0.04014528 0.04704106 -0.8534092
    P-value
1 0.7977450
2 0.3958595

$`MR-PRESSO results`
$`MR-PRESSO results`$`Global Test`
$`MR-PRESSO results`$`Global Test`$RSSobs
[1] 139.9773

$`MR-PRESSO results`$`Global Test`$Pvalue
[1] 3e-04


$`MR-PRESSO results`$`Outlier Test`
         RSSobs  Pvalue
1  1.687658e-04       1
2  4.108090e-04       1
3  1.119385e-04       1
4  1.294739e-03       1
5  4.051315e-04       1
6  6.725515e-04       1
7  6.345887e-04       1
8  1.769961e-04       1
9  2.504559e-03       1
10 5.810693e-06       1
11 2.404904e-02       1
12 4.792048e-05       1
13 3.723150e-05       1
14 7.846234e-04       1
15 6.519224e-04       1
16 1.700853e-03       1
17 3.457934e-05       1
18 3.729353e-04       1
19 5.936555e-05       1
20 2.953762e-04       1
21 8.111420e-04       1
22 5.421028e-04       1
23 1.970764e-04       1
24 6.791456e-03       1
25 1.584857e-04       1
26 1.190596e-03       1
27 9.447241e-04       1
28 3.689905e-05       1
29 1.770285e-03       1
30 2.356744e-05       1
31 1.441684e-05       1
32 1.725260e-04       1
33 1.900305e-04       1
34 5.963678e-04       1
35 1.025507e-03       1
36 2.852150e-05       1
37 6.686438e-04       1
38 8.721041e-04       1
39 2.924232e-05       1
40 1.440594e-04       1
41 2.169704e-03       1
42 3.877029e-04       1
43 2.922884e-03   0.215
44 5.982115e-03  0.4472
45 4.063778e-04       1
46 3.629931e-04       1
47 3.270291e-05       1
48 1.375888e-03       1
49 1.713947e-03       1
50 2.437027e-03       1
51 1.612299e-04       1
52 1.524154e-03       1
53 7.491278e-06       1
54 7.140990e-04       1
55 9.813199e-05       1
56 4.767234e-03  0.2236
57 1.198542e-04       1
58 2.301994e-04       1
59 1.238079e-02 <0.0086
60 2.299074e-04       1
61 5.821589e-05       1
62 8.331634e-06       1
63 4.947691e-04       1
64 1.209656e-04       1
65 1.021515e-04       1
66 7.185020e-06       1
67 8.544953e-04       1
68 2.029726e-04       1
69 1.737670e-04       1
70 4.818115e-04       1
71 7.518461e-05       1
72 1.723385e-03       1
73 3.266992e-05       1
74 2.889585e-04       1
75 3.983779e-04       1
76 1.406863e-04       1
77 1.295728e-03       1
78 7.889313e-05       1
79 1.642751e-06       1
80 6.853596e-04       1
81 1.497488e-04       1
82 1.318782e-05       1
83 2.209257e-04       1
84 2.066477e-04       1
85 1.363237e-04       1
86 6.688489e-04       1

$`MR-PRESSO results`$`Distortion Test`
$`MR-PRESSO results`$`Distortion Test`$`Outliers Indices`
[1] 59

$`MR-PRESSO results`$`Distortion Test`$`Distortion Coefficient`
beta.exposure 
     66.65975 

$`MR-PRESSO results`$`Distortion Test`$Pvalue
[1] 0.7133



