$`Main MR results`
       Exposure       MR Analysis Causal Estimate         Sd     T-stat
1 beta.exposure               Raw     -0.02430551 0.04534113 -0.5360587
2 beta.exposure Outlier-corrected     -0.03505771 0.04101471 -0.8547593
    P-value
1 0.5929533
2 0.3944772

$`MR-PRESSO results`
$`MR-PRESSO results`$`Global Test`
$`MR-PRESSO results`$`Global Test`$RSSobs
[1] 155.7338

$`MR-PRESSO results`$`Global Test`$Pvalue
[1] 0.0113


$`MR-PRESSO results`$`Outlier Test`
          RSSobs  Pvalue
1   2.995555e-04       1
2   1.823187e-04       1
3   1.554574e-03       1
4   6.237520e-07       1
5   4.908243e-04       1
6   2.884115e-03       1
7   1.849734e-04       1
8   2.015288e-03       1
9   1.744115e-04       1
10  9.474962e-04       1
11  6.065379e-06       1
12  3.746715e-03       1
13  1.223800e-04       1
14  3.336260e-06       1
15  6.769706e-05       1
16  7.763759e-03       1
17  2.826249e-06       1
18  1.064174e-03       1
19  4.155341e-04       1
20  2.560227e-03       1
21  4.183824e-04       1
22  4.818965e-05       1
23  2.427515e-03       1
24  3.827916e-03       1
25  1.087795e-04       1
26  1.470706e-04       1
27  2.021493e-04       1
28  1.848253e-03       1
29  2.031065e-05       1
30  1.112739e-04       1
31  1.697705e-04       1
32  2.777251e-03       1
33  9.394342e-04       1
34  3.242294e-04       1
35  6.691595e-04       1
36  1.488665e-04       1
37  1.616089e-04       1
38  4.820145e-03       1
39  1.731370e-03       1
40  1.924683e-05       1
41  1.282545e-03       1
42  1.187617e-04       1
43  1.205171e-03       1
44  5.054655e-04       1
45  1.604270e-04       1
46  5.070004e-03       1
47  1.149977e-04       1
48  4.070076e-04       1
49  4.012999e-03       1
50  3.781874e-04       1
51  6.716241e-03       1
52  2.998182e-04       1
53  4.818494e-04       1
54  3.115142e-04       1
55  2.037314e-04       1
56  2.564345e-04       1
57  1.488706e-03       1
58  1.864018e-04       1
59  6.440713e-04       1
60  1.271472e-03       1
61  3.810646e-03       1
62  6.229066e-04       1
63  1.318626e-04       1
64  4.884990e-03       1
65  8.599534e-04       1
66  1.044832e-03       1
67  4.450097e-04       1
68  2.114386e-03       1
69  1.086988e-03       1
70  1.955957e-03       1
71  1.141174e-04       1
72  2.941116e-03       1
73  5.039233e-06       1
74  4.598553e-03       1
75  7.953661e-05       1
76  8.340855e-04       1
77  7.566194e-04       1
78  7.143665e-03       1
79  9.997295e-04       1
80  3.321069e-02 <0.0116
81  1.488868e-04       1
82  1.150159e-03       1
83  6.602240e-04       1
84  1.897892e-05       1
85  7.199580e-04       1
86  1.265513e-06       1
87  2.068359e-06       1
88  1.720221e-05       1
89  3.026458e-04       1
90  2.754331e-05       1
91  1.445222e-03       1
92  3.226318e-04       1
93  1.106821e-04       1
94  1.068634e-03       1
95  1.793466e-05       1
96  3.174219e-08       1
97  1.327704e-03       1
98  4.420254e-06       1
99  7.331111e-04       1
100 5.639914e-05       1
101 3.071298e-04       1
102 7.159987e-04       1
103 9.093524e-03       1
104 7.406169e-04       1
105 2.528272e-03       1
106 5.391728e-04       1
107 4.603819e-05       1
108 1.651194e-03       1
109 2.105880e-03       1
110 1.481021e-03       1
111 1.675282e-03       1
112 2.300918e-03       1
113 2.086987e-05       1
114 2.653496e-05       1
115 4.230667e-03       1
116 2.154659e-05       1

$`MR-PRESSO results`$`Distortion Test`
$`MR-PRESSO results`$`Distortion Test`$`Outliers Indices`
[1] 80

$`MR-PRESSO results`$`Distortion Test`$`Distortion Coefficient`
beta.exposure 
        30.67 

$`MR-PRESSO results`$`Distortion Test`$Pvalue
[1] 0.8359



