$`Main MR results`
       Exposure       MR Analysis Causal Estimate        Sd   T-stat
1 beta.exposure               Raw       0.4451802 0.1553554 2.865559
2 beta.exposure Outlier-corrected              NA        NA       NA
      P-value
1 0.005272465
2          NA

$`MR-PRESSO results`
$`MR-PRESSO results`$`Global Test`
$`MR-PRESSO results`$`Global Test`$RSSobs
[1] 119.2637

$`MR-PRESSO results`$`Global Test`$Pvalue
[1] 0.0113


$`MR-PRESSO results`$`Outlier Test`
         RSSobs Pvalue
1  2.209080e-04      1
2  1.429224e-05      1
3  5.698445e-04      1
4  5.433516e-04      1
5  7.810793e-05      1
6  2.009641e-06      1
7  4.008530e-05      1
8  4.125144e-04      1
9  5.410266e-05      1
10 3.563396e-04      1
11 1.989460e-04      1
12 9.479897e-05      1
13 1.229081e-04      1
14 5.344812e-05      1
15 4.660618e-05      1
16 2.014699e-06      1
17 2.548945e-06      1
18 1.215927e-05      1
19 2.538098e-03 0.8232
20 1.464246e-03 0.2016
21 3.563439e-05      1
22 4.646996e-04      1
23 2.188686e-03 0.4368
24 3.244773e-04      1
25 9.954345e-04      1
26 1.054761e-04      1
27 1.550350e-04      1
28 2.761394e-04      1
29 4.419071e-05      1
30 5.400731e-04      1
31 1.741059e-04      1
32 2.516583e-05      1
33 2.801786e-05      1
34 3.151043e-06      1
35 1.146370e-04      1
36 2.066723e-06      1
37 4.142129e-04      1
38 1.100401e-04      1
39 1.255081e-08      1
40 1.051884e-04      1
41 1.648113e-05      1
42 1.590381e-04      1
43 6.198772e-04      1
44 8.832576e-04      1
45 1.326923e-07      1
46 4.412688e-05      1
47 7.025374e-05      1
48 9.118546e-05      1
49 5.335929e-05      1
50 2.937206e-04      1
51 5.643126e-06      1
52 1.646207e-06      1
53 4.425381e-04      1
54 3.027120e-06      1
55 5.329525e-05      1
56 2.425871e-05      1
57 1.866072e-05      1
58 7.864762e-04      1
59 1.304968e-05      1
60 8.851471e-05      1
61 1.035900e-03      1
62 1.452846e-04      1
63 1.905440e-04      1
64 2.615490e-04      1
65 2.247601e-04      1
66 6.521961e-04      1
67 4.993097e-06      1
68 2.793924e-05      1
69 1.598501e-04      1
70 1.203950e-05      1
71 4.580929e-04      1
72 2.318142e-04      1
73 8.695058e-04      1
74 3.601451e-04      1
75 8.931153e-08      1
76 2.657689e-04      1
77 1.172004e-04      1
78 1.319377e-03      1
79 3.458898e-04      1
80 2.170671e-04      1
81 5.886958e-04      1
82 5.399229e-05      1
83 8.925138e-05      1
84 1.650203e-03  0.378

$`MR-PRESSO results`$`Distortion Test`
$`MR-PRESSO results`$`Distortion Test`$`Outliers Indices`
[1] "No significant outliers"

$`MR-PRESSO results`$`Distortion Test`$`Distortion Coefficient`
[1] NA

$`MR-PRESSO results`$`Distortion Test`$Pvalue
[1] NA



