$`Main MR results`
       Exposure       MR Analysis Causal Estimate         Sd    T-stat
1 beta.exposure               Raw      0.06946149 0.10646659 0.6524253
2 beta.exposure Outlier-corrected      0.09695296 0.09705935 0.9989038
    P-value
1 0.5155261
2 0.3201161

$`MR-PRESSO results`
$`MR-PRESSO results`$`Global Test`
$`MR-PRESSO results`$`Global Test`$RSSobs
[1] 136.9958

$`MR-PRESSO results`$`Global Test`$Pvalue
[1] 0.0367


$`MR-PRESSO results`$`Outlier Test`
          RSSobs  Pvalue
1   1.791997e-03       1
2   1.213173e-03       1
3   4.540824e-05       1
4   2.905758e-03       1
5   1.962142e-03       1
6   2.239714e-05       1
7   1.200301e-04       1
8   3.112212e-03       1
9   5.502738e-04       1
10  7.115224e-04       1
11  1.193380e-04       1
12  7.065166e-04       1
13  2.279795e-03       1
14  2.864467e-04       1
15  1.580037e-03       1
16  3.763771e-03       1
17  1.689577e-03       1
18  1.285598e-03       1
19  4.088482e-02       1
20  1.275568e-06       1
21  4.353155e-03       1
22  9.822444e-03       1
23  7.616194e-06       1
24  8.211952e-04       1
25  1.303287e-05       1
26  1.039394e-03       1
27  1.802202e-03       1
28  1.387496e-02       1
29  1.390437e-03       1
30  1.503368e-02       1
31  2.253019e-04       1
32  3.922761e-05       1
33  8.094673e-05       1
34  1.006233e-04       1
35  5.873480e-04       1
36  2.118231e-03       1
37  2.666791e-03       1
38  3.537169e-05       1
39  1.929313e-06       1
40  6.912166e-04       1
41  6.161824e-04       1
42  2.501496e-04       1
43  2.521975e-04       1
44  1.498695e-03       1
45  2.047403e-03       1
46  6.653645e-04       1
47  6.693721e-04       1
48  6.569642e-04       1
49  2.041075e-03       1
50  6.264140e-04       1
51  8.916623e-04       1
52  3.963682e-05       1
53  4.253041e-04       1
54  2.502631e-04       1
55  8.257920e-04       1
56  2.915499e-06       1
57  4.214704e-03       1
58  4.009044e-05       1
59  9.232223e-04       1
60  2.495483e-03       1
61  2.169934e-02 <0.0108
62  2.676641e-04       1
63  9.496381e-05       1
64  1.759983e-03       1
65  3.143650e-03       1
66  4.937003e-04       1
67  1.513722e-03       1
68  1.236731e-03       1
69  5.588529e-04       1
70  6.788989e-05       1
71  3.155907e-04       1
72  1.020384e-04       1
73  1.211212e-05       1
74  4.117506e-04       1
75  4.843128e-04       1
76  9.093317e-04       1
77  9.183225e-06       1
78  1.276195e-03       1
79  8.345408e-07       1
80  5.780264e-03  0.3348
81  6.413773e-04       1
82  1.232781e-04       1
83  8.851904e-03       1
84  1.499829e-04       1
85  6.722343e-05       1
86  3.564069e-04       1
87  1.011371e-03       1
88  1.040031e-06       1
89  1.090667e-03       1
90  2.054976e-04       1
91  6.967075e-06       1
92  7.658161e-04       1
93  2.533545e-03       1
94  5.348013e-05       1
95  4.682407e-04       1
96  3.007815e-04       1
97  1.316156e-04       1
98  1.142097e-03       1
99  1.595457e-05       1
100 4.335815e-05       1
101 4.801476e-05       1
102 1.420634e-04       1
103 7.172105e-04       1
104 6.228512e-04       1
105 5.892941e-05       1
106 5.704031e-05       1
107 3.651754e-04       1
108 1.824496e-03       1

$`MR-PRESSO results`$`Distortion Test`
$`MR-PRESSO results`$`Distortion Test`$`Outliers Indices`
[1] 61

$`MR-PRESSO results`$`Distortion Test`$`Distortion Coefficient`
beta.exposure 
    -28.35547 

$`MR-PRESSO results`$`Distortion Test`$Pvalue
[1] 0.823



