$`Main MR results`
       Exposure       MR Analysis Causal Estimate         Sd   T-stat
1 beta.exposure               Raw       0.1212555 0.01491212 8.131337
2 beta.exposure Outlier-corrected              NA         NA       NA
       P-value
1 3.333548e-15
2           NA

$`MR-PRESSO results`
$`MR-PRESSO results`$`Global Test`
$`MR-PRESSO results`$`Global Test`$RSSobs
[1] 621.0131

$`MR-PRESSO results`$`Global Test`$Pvalue
[1] 0.00036


$`MR-PRESSO results`$`Outlier Test`
          RSSobs  Pvalue
1   3.644927e-06       1
2   3.990978e-05       1
3   3.423292e-05       1
4   5.842241e-05       1
5   4.747544e-05       1
6   2.786259e-06       1
7   7.885449e-06       1
8   1.326978e-05       1
9   2.318010e-05       1
10  6.551111e-06       1
11  4.501739e-05       1
12  8.184927e-06       1
13  9.745736e-08       1
14  4.452394e-06       1
15  4.765959e-06       1
16  7.980157e-06       1
17  3.377161e-05       1
18  1.420738e-04       1
19  1.888677e-04 0.88704
20  8.163091e-07       1
21  2.155592e-07       1
22  6.445861e-06       1
23  3.205112e-05       1
24  2.662177e-05       1
25  6.974305e-06       1
26  4.900240e-06       1
27  6.630771e-05       1
28  2.187331e-05       1
29  1.781572e-06       1
30  1.126228e-06       1
31  9.736220e-05       1
32  3.816320e-05       1
33  7.753235e-07       1
34  3.069514e-05       1
35  9.878719e-05       1
36  6.340002e-05       1
37  1.058187e-05       1
38  2.406489e-05       1
39  1.072603e-07       1
40  4.083039e-05       1
41  4.349810e-06       1
42  3.769982e-05       1
43  2.509591e-05       1
44  2.419860e-05       1
45  1.535096e-05       1
46  6.194442e-06       1
47  1.160163e-05       1
48  3.594255e-06       1
49  5.964867e-05       1
50  5.068109e-06       1
51  1.295396e-05       1
52  2.057703e-09       1
53  1.232435e-06       1
54  1.381665e-06       1
55  1.915347e-06       1
56  5.384727e-06       1
57  1.487358e-06       1
58  3.071930e-04       1
59  8.056271e-09       1
60  2.510825e-05       1
61  2.423129e-05       1
62  4.414630e-05       1
63  6.711184e-09       1
64  5.019892e-05       1
65  3.021021e-05       1
66  2.371315e-06       1
67  7.529355e-05       1
68  1.178384e-06       1
69  1.854308e-05       1
70  1.030326e-09       1
71  6.615002e-08       1
72  4.388920e-05       1
73  1.247231e-05       1
74  8.393284e-07       1
75  2.746167e-05       1
76  9.779839e-05       1
77  8.077178e-05       1
78  2.231721e-06       1
79  3.257859e-06       1
80  2.345351e-06       1
81  6.378979e-06       1
82  4.878173e-05       1
83  7.160423e-05       1
84  5.975010e-05       1
85  9.332151e-07       1
86  1.313107e-07       1
87  4.891966e-05       1
88  7.742214e-06       1
89  1.685057e-05       1
90  1.557974e-04       1
91  3.421761e-05       1
92  1.724463e-06       1
93  8.028748e-06       1
94  8.259132e-05       1
95  8.892271e-06       1
96  3.543345e-05       1
97  2.917857e-06       1
98  5.420364e-05       1
99  9.187290e-09       1
100 2.985991e-05       1
101 1.763830e-05       1
102 1.446228e-04       1
103 1.405752e-05       1
104 1.837131e-05       1
105 8.109655e-06       1
106 1.708952e-05       1
107 6.969785e-05       1
108 5.573693e-05       1
109 8.605895e-06       1
110 4.400377e-05       1
111 1.229302e-04       1
112 1.382506e-05       1
113 4.882536e-05       1
114 3.098918e-06       1
115 1.140927e-04       1
116 9.170935e-06       1
117 4.885959e-05       1
118 4.368534e-07       1
119 8.617423e-05       1
120 7.493805e-06       1
121 3.843347e-07       1
122 6.619160e-05       1
123 1.297700e-05       1
124 4.973507e-05       1
125 8.720421e-04 0.12096
126 4.253693e-06       1
127 8.376973e-06       1
128 4.946426e-06       1
129 1.304557e-05       1
130 2.094914e-05       1
131 6.015852e-05       1
132 1.569474e-04       1
133 1.072963e-06       1
134 1.954317e-07       1
135 1.253246e-05       1
136 9.253241e-08       1
137 7.634325e-05       1
138 2.111332e-06       1
139 2.085492e-06       1
140 3.796893e-05       1
141 5.471403e-06       1
142 4.747968e-05       1
143 1.381254e-05       1
144 3.013657e-06       1
145 5.453053e-06       1
146 1.657328e-06       1
147 1.345411e-06       1
148 7.767743e-06       1
149 2.906702e-05       1
150 2.649281e-05       1
151 5.188795e-06       1
152 2.999867e-05       1
153 5.304539e-05       1
154 1.032795e-04       1
155 6.499882e-08       1
156 1.268059e-05       1
157 1.797903e-06       1
158 1.526388e-06       1
159 5.800553e-06       1
160 4.952527e-07       1
161 6.584165e-06       1
162 3.096412e-05       1
163 1.291490e-05       1
164 3.592410e-08       1
165 1.788946e-06       1
166 2.779650e-04       1
167 4.098723e-05       1
168 9.772981e-06       1
169 5.214015e-06       1
170 2.283276e-06       1
171 7.079778e-06       1
172 2.179469e-05       1
173 7.001201e-06       1
174 5.519562e-05       1
175 7.042506e-05       1
176 2.120125e-08       1
177 1.492775e-05       1
178 1.245796e-05       1
179 7.072101e-05       1
180 1.301213e-05       1
181 1.274130e-06       1
182 1.275605e-04       1
183 1.086871e-05       1
184 1.900429e-05       1
185 2.618182e-06       1
186 7.222567e-14       1
187 2.852158e-07       1
188 5.278971e-06       1
189 2.128609e-04       1
190 5.684158e-06       1
191 2.600092e-05       1
192 1.797012e-07       1
193 4.371378e-05       1
194 2.292925e-05       1
195 8.202970e-05       1
196 1.057156e-05       1
197 2.794001e-07       1
198 3.950254e-05       1
199 6.586377e-05       1
200 4.542539e-07       1
201 8.212981e-06       1
202 2.156997e-05       1
203 7.136368e-06       1
204 3.434584e-05       1
205 2.403164e-06       1
206 3.721002e-07       1
207 1.437303e-06       1
208 7.614838e-06       1
209 6.044708e-05       1
210 2.558760e-06       1
211 2.745812e-06       1
212 4.362579e-06       1
213 8.575861e-08       1
214 2.162470e-08       1
215 1.228889e-06       1
216 5.624347e-10       1
217 7.212292e-06       1
218 4.179940e-07       1
219 4.411460e-05       1
220 3.869221e-05       1
221 7.383581e-09       1
222 2.099631e-07       1
223 3.315901e-05       1
224 9.139034e-07       1
225 1.491398e-05       1
226 3.359204e-05       1
227 3.930981e-06       1
228 3.120547e-08       1
229 4.057037e-05       1
230 1.932992e-05       1
231 1.029432e-05       1
232 6.749407e-05       1
233 4.863561e-06       1
234 7.102452e-09       1
235 5.901056e-06       1
236 1.974655e-07       1
237 9.220247e-07       1
238 6.134283e-05       1
239 1.202712e-04       1
240 6.320846e-05       1
241 9.188241e-07       1
242 2.068459e-05       1
243 4.814300e-05       1
244 5.554047e-05       1
245 2.635029e-05       1
246 6.303759e-05       1
247 4.231858e-05       1
248 1.281134e-07       1
249 8.570791e-05       1
250 4.122564e-05       1
251 1.757350e-06       1
252 4.783743e-06       1
253 1.623707e-05       1
254 6.933310e-05       1
255 5.320111e-07       1
256 3.189326e-05       1
257 4.213363e-05       1
258 6.172773e-06       1
259 2.322577e-04       1
260 3.218993e-05       1
261 4.697519e-05       1
262 2.206779e-05       1
263 3.745148e-05       1
264 6.193014e-05       1
265 3.395934e-07       1
266 1.002147e-05       1
267 3.705079e-05       1
268 1.233186e-04       1
269 6.096444e-06       1
270 1.080582e-05       1
271 1.041349e-04       1
272 7.161033e-05       1
273 1.009346e-05       1
274 9.098578e-05       1
275 1.425493e-06       1
276 8.941900e-06       1
277 6.749891e-08       1
278 1.662156e-05       1
279 1.476396e-06       1
280 1.891526e-05       1
281 6.533817e-06       1
282 1.353481e-05       1
283 3.938017e-05       1
284 6.935902e-05       1
285 6.152503e-07       1
286 3.187625e-05       1
287 9.278704e-05       1
288 1.917527e-05       1
289 3.783677e-05       1
290 3.376514e-06       1
291 5.200141e-05       1
292 2.267784e-05       1
293 2.125494e-05       1
294 6.233619e-05       1
295 6.304153e-05       1
296 7.367873e-06       1
297 8.400006e-07       1
298 6.390999e-05       1
299 5.671878e-07       1
300 4.792776e-06       1
301 2.650042e-05       1
302 1.168696e-05       1
303 8.113864e-05       1
304 2.980265e-05       1
305 4.170335e-06       1
306 1.875308e-04       1
307 4.336607e-05       1
308 1.907086e-04       1
309 4.023016e-06       1
310 8.186081e-06       1
311 8.353618e-05       1
312 1.979864e-06       1
313 6.180362e-05       1
314 9.402273e-05       1
315 1.044393e-04       1
316 7.457040e-05       1
317 2.330030e-05       1
318 2.763181e-05       1
319 1.827609e-05       1
320 7.081140e-05       1
321 5.989522e-06       1
322 9.713602e-06       1
323 2.158653e-05       1
324 2.471720e-05       1
325 1.051397e-05       1
326 6.350802e-05       1
327 4.874454e-05       1
328 5.602261e-07       1
329 6.162946e-06       1
330 4.490359e-05       1
331 4.620458e-05       1
332 5.231650e-05       1
333 2.892585e-07       1
334 4.225620e-07       1
335 1.184260e-05       1
336 5.974591e-06       1
337 1.234656e-06       1
338 8.553537e-05       1
339 6.974971e-06       1
340 3.269420e-06       1
341 2.249085e-05       1
342 7.384574e-05       1
343 5.953447e-09       1
344 4.886536e-05       1
345 2.799105e-06       1
346 8.361419e-06       1
347 6.439296e-05       1
348 1.074926e-06       1
349 7.247480e-06       1
350 9.287680e-09       1
351 7.789567e-06       1
352 7.969025e-05       1
353 9.781042e-08       1
354 2.136914e-07       1
355 4.204209e-06       1
356 3.053220e-05       1
357 2.577087e-06       1
358 2.037077e-04       1
359 2.091368e-04       1
360 1.800907e-09       1
361 1.058530e-05       1
362 8.975808e-06       1
363 9.275844e-10       1
364 5.346002e-06       1
365 3.445667e-06       1
366 3.902122e-06       1
367 2.405949e-05       1
368 6.452822e-05       1
369 3.215810e-05       1
370 8.839528e-07       1
371 1.860802e-06       1
372 1.107563e-04       1
373 8.503051e-05       1
374 8.095306e-06       1
375 6.877634e-06       1
376 4.598687e-06       1
377 6.409759e-06       1
378 1.293358e-05       1
379 1.353990e-05       1
380 4.629263e-05       1
381 1.068503e-04       1
382 4.037342e-05       1
383 1.161163e-05       1
384 7.032422e-05       1
385 2.676859e-06       1
386 1.559506e-06       1
387 3.915720e-05       1
388 1.345847e-05       1
389 5.055742e-05       1
390 3.244650e-05       1
391 1.122041e-06       1
392 2.979042e-05       1
393 1.017083e-06       1
394 4.579010e-05       1
395 3.315592e-06       1
396 7.865847e-06       1
397 1.193131e-05       1
398 3.810866e-06       1
399 6.943786e-05       1
400 9.684485e-07       1
401 8.310708e-08       1
402 4.285378e-06       1
403 9.154956e-06       1
404 1.620398e-05       1
405 1.970778e-04       1
406 5.920540e-05       1
407 3.403167e-06       1
408 5.111048e-07       1
409 1.113287e-05       1
410 3.380103e-05       1
411 4.137221e-06       1
412 2.149507e-05       1
413 2.278275e-05       1
414 2.435352e-05       1
415 2.717708e-05       1
416 1.295500e-08       1
417 1.203408e-06       1
418 4.254733e-07       1
419 1.564509e-06       1
420 1.600254e-05       1
421 1.276770e-05       1
422 2.074295e-05       1
423 3.931549e-06       1
424 1.320184e-08       1
425 2.545631e-06       1
426 4.616311e-07       1
427 2.399137e-05       1
428 6.883501e-07       1
429 3.558060e-06       1
430 6.319308e-06       1
431 1.401818e-05       1
432 5.887631e-05       1
433 2.968240e-08       1
434 1.236717e-04       1
435 2.046835e-06       1
436 1.997333e-05       1
437 8.153264e-08       1
438 6.847866e-08       1
439 1.996992e-07       1
440 1.457077e-05       1
441 3.788406e-05       1
442 9.932467e-06       1
443 1.552905e-05       1
444 6.131339e-05       1
445 4.492207e-06       1
446 2.558662e-05       1
447 1.353571e-05       1
448 1.771706e-05       1
449 2.572869e-05       1
450 1.263347e-07       1
451 2.477746e-07       1
452 2.116434e-05       1
453 3.755087e-06       1
454 2.729264e-04       1
455 2.032701e-05       1
456 3.184047e-05       1
457 2.287469e-05       1
458 1.725681e-05       1
459 3.106178e-05       1
460 8.451304e-06       1
461 1.164258e-06       1
462 3.500049e-05       1
463 7.276210e-07       1
464 1.883494e-06       1
465 6.767286e-07       1
466 1.145163e-05       1
467 5.997479e-05       1
468 5.493511e-05       1
469 4.659597e-05       1
470 1.814217e-05       1
471 6.231880e-05       1
472 1.022200e-04       1
473 7.029320e-05       1
474 6.418210e-05       1
475 8.236822e-06       1
476 1.043594e-05       1
477 2.673705e-04       1
478 6.395757e-05       1
479 3.342098e-06       1
480 2.177384e-07       1
481 1.538518e-06       1
482 7.989760e-07       1
483 2.231514e-05       1
484 1.132367e-04       1
485 1.396632e-04       1
486 8.330930e-06       1
487 1.522078e-04       1
488 1.670492e-05       1
489 2.209190e-04       1
490 8.188814e-07       1
491 4.568029e-06       1
492 5.058530e-05       1
493 7.069104e-06       1
494 2.729242e-05       1
495 9.939692e-06       1
496 4.251911e-05       1
497 1.441780e-07       1
498 1.825710e-05       1
499 1.541074e-04       1
500 1.072660e-09       1
501 7.121340e-06       1
502 6.100219e-05       1
503 2.416096e-09       1
504 2.064448e-06       1

$`MR-PRESSO results`$`Distortion Test`
$`MR-PRESSO results`$`Distortion Test`$`Outliers Indices`
[1] "No significant outliers"

$`MR-PRESSO results`$`Distortion Test`$`Distortion Coefficient`
[1] NA

$`MR-PRESSO results`$`Distortion Test`$Pvalue
[1] NA



