SNP	CHROM	POS	REF	ALT	AF	BETA	SE	Z	P	N	TRAIT
rs915416	1	34731984	C	G	0.696	0.0029294	0.015235	0.19228093206432556	0.8475	1346093	covid_vs._population
rs269054	1	57864304	T	A	0.41	0.015286000000000001	0.013574000000000001	1.126123471342272	0.2601	1352463	covid_vs._population
rs61796569	1	66476437	C	T	0.2582	-0.0023479	0.017059	-0.13763409344041266	0.8905	1343342	covid_vs._population
rs12567114	1	98527951	G	A	0.2765	0.036693	0.01725	2.1271304347826088	0.03341	1329283	covid_vs._population
rs62120041	2	9185564	T	C	0.06964	-0.035439	0.027445999999999998	-1.291226408219777	0.1966	1356211	covid_vs._population
rs374153	2	40382712	C	T	0.8298	-0.0093438	0.017336	-0.5389824642362713	0.5899	1355906	covid_vs._population
rs2717076	2	58061127	C	T	0.6326	0.008080500000000001	0.014521000000000001	0.5564699400867709	0.5779	1353399	covid_vs._population
rs75539574	2	58871658	A	C	0.09221	-1.1819e-4	0.026439999999999998	-0.004470121028744327	0.9964	703761	covid_vs._population
rs7556815	2	114085785	G	A	0.2256	-0.024505000000000002	0.015716	-1.5592389921099516	0.1189	1362519	covid_vs._population
rs35662245	2	147583187	T	A	0.3479	-0.017432	0.013855000000000001	-1.2581739444243953	0.2083	1087365	covid_vs._population
rs11885663	2	166944004	C	T	0.2379	-6.037999999999999e-4	0.015219	-0.039674091596031275	0.9684	1348459	covid_vs._population
rs10173260	2	210377845	T	C	0.5828	0.013912	0.014053999999999999	0.9898961149850578	0.3222	1338403	covid_vs._population
rs112230981	3	55879269	A	G	0.04877	0.031031	0.037307	0.831774197871713	0.4055	1347091	covid_vs._population
rs17732997	3	70470834	C	G	0.4124	-0.01278	0.014888	-0.8584094572810317	0.3907	1329282	covid_vs._population
rs7644809	3	107564459	T	C	0.5708	-2.1718e-4	0.013759	-0.015784577367541245	0.98740000000000006	1345855	covid_vs._population
rs13088093	3	135838598	T	G	0.3273	0.0043176	0.016036	0.2692442005487653	0.7877	1336041	covid_vs._population
rs365663	5	1428883	A	G	0.4879	0.0022502	0.014084000000000001	0.15976995171826183	0.8731	1345161	covid_vs._population
rs465700	5	3126493	C	G	0.8684	-0.016623	0.021463	-0.7744956436658436	0.4386	1351799	covid_vs._population
rs56372231	5	102321905	C	T	0.3274	0.004137	0.013616999999999999	0.3038114122053316	0.7613	1362519	covid_vs._population
rs11567976	5	137654218	C	T	0.5431	0.025997000000000003	0.012937	2.009507613820824	0.04448	1362819	covid_vs._population
rs151014368	5	176751059	G	A	0.2233	0.0065138	0.018429	0.3534537956481632	0.7237	1336735	covid_vs._population
rs34556183	6	28584775	A	G	0.2787	-0.016408000000000002	0.015507	-1.0581027922873543	0.29	710069	covid_vs._population
rs113113059	6	43160375	T	C	0.2199	0.043012	0.015629	2.7520634717512316	0.005922	1348459	covid_vs._population
rs9382445	6	54937974	T	C	0.3649	-0.0059383000000000005	0.013363	-0.4443837461647834	0.6568	1362819	covid_vs._population
rs2231265	6	89790201	A	G	0.7857	0.021374	0.015787	1.3538987774751379	0.1758	1362519	covid_vs._population
rs9345234	6	93162639	A	C	0.5526	-0.0014571	0.013544	-0.10758269344359125	0.9143	1352763	covid_vs._population
rs34731055	7	2106928	C	T	0.19	0.009256100000000001	0.020261	0.45684319628843595	0.6478	653141	covid_vs._population
rs2079070	7	114126432	C	G	0.7586	5.5115e-4	0.015323	0.035968805064282454	0.9713	1362519	covid_vs._population
rs7806045	7	132610266	T	C	0.2618	4.1403e-5	0.014785	0.0028003381805884347	0.9978	1361855	covid_vs._population
rs10973207	9	37100525	G	T	0.1884	-0.020342	0.019259000000000002	-1.0562334492964327	0.2909	1352463	covid_vs._population
rs1776776	9	140497072	T	C	0.159	-0.024107	0.017815	-1.35318551782206	0.17600000000000002	1361855	covid_vs._population
rs6575005	14	26954078	T	C	0.2351	0.0017079999999999999	0.016319999999999998	0.10465686274509804	0.9166	1346097	covid_vs._population
rs10483350	14	29816155	A	G	0.1953	0.048602	0.018578	2.6161050705135103	0.008893999999999999	1315928	covid_vs._population
rs61985058	14	60233841	C	T	0.1295	-0.019367	0.019454	-0.9955279119975327	0.3195	1356211	covid_vs._population
rs55658675	14	65554638	C	T	0.354	-0.005869600000000001	0.014043	-0.417973367514064	0.6759999999999999	1362519	covid_vs._population
rs11621908	14	78495761	C	T	0.0839	-0.035227999999999995	0.023599000000000002	-1.4927751175897281	0.1355	1345855	covid_vs._population
rs3095508	16	6550400	C	A	0.4003	-0.0022824	0.013252000000000002	-0.1722306067008753	0.8633	1335404	covid_vs._population
rs11643715	16	23909538	C	G	0.2718	-0.020049	0.015297	-1.3106491468915473	0.19	1347066	covid_vs._population
rs9937053	16	53799507	G	A	0.4333	0.023909	0.012816999999999999	1.8654131231957558	0.06212	1362518	covid_vs._population
rs7198661	16	56090428	T	C	0.4582	-0.0023578	0.0161	-0.14644720496894412	0.8836	1033472	covid_vs._population
rs12607679	18	53059748	T	C	0.242	-0.016053	0.0158	-1.0160126582278481	0.3096	1352463	covid_vs._population
rs2072727	20	43538733	T	C	0.5573	0.0054262	0.013616	0.39851645123384255	0.6903	1352763	covid_vs._population
rs2192528	NA	NA	NA	NA	NA	NA	NA	NA	NA	NA	NA
rs17427571	NA	NA	NA	NA	NA	NA	NA	NA	NA	NA	NA
rs35531607	NA	NA	NA	NA	NA	NA	NA	NA	NA	NA	NA
rs13109404	NA	NA	NA	NA	NA	NA	NA	NA	NA	NA	NA
rs4841498	NA	NA	NA	NA	NA	NA	NA	NA	NA	NA	NA
rs73219758	NA	NA	NA	NA	NA	NA	NA	NA	NA	NA	NA
rs12246842	NA	NA	NA	NA	NA	NA	NA	NA	NA	NA	NA
rs10761674	NA	NA	NA	NA	NA	NA	NA	NA	NA	NA	NA
rs11190970	NA	NA	NA	NA	NA	NA	NA	NA	NA	NA	NA
rs7915425	NA	NA	NA	NA	NA	NA	NA	NA	NA	NA	NA
rs1517572	NA	NA	NA	NA	NA	NA	NA	NA	NA	NA	NA
rs4592416	NA	NA	NA	NA	NA	NA	NA	NA	NA	NA	NA
rs11039544	NA	NA	NA	NA	NA	NA	NA	NA	NA	NA	NA
rs174560	NA	NA	NA	NA	NA	NA	NA	NA	NA	NA	NA
rs12791153	NA	NA	NA	NA	NA	NA	NA	NA	NA	NA	NA
rs1553132	NA	NA	NA	NA	NA	NA	NA	NA	NA	NA	NA
rs1939455	NA	NA	NA	NA	NA	NA	NA	NA	NA	NA	NA
rs1079727	NA	NA	NA	NA	NA	NA	NA	NA	NA	NA	NA
rs3751046	NA	NA	NA	NA	NA	NA	NA	NA	NA	NA	NA
rs34354917	NA	NA	NA	NA	NA	NA	NA	NA	NA	NA	NA
rs4767550	NA	NA	NA	NA	NA	NA	NA	NA	NA	NA	NA
rs8038326	NA	NA	NA	NA	NA	NA	NA	NA	NA	NA	NA
rs3027234	NA	NA	NA	NA	NA	NA	NA	NA	NA	NA	NA
rs205024	NA	NA	NA	NA	NA	NA	NA	NA	NA	NA	NA
rs8072993	NA	NA	NA	NA	NA	NA	NA	NA	NA	NA	NA
rs147114641	NA	NA	NA	NA	NA	NA	NA	NA	NA	NA	NA
rs2696429	NA	NA	NA	NA	NA	NA	NA	NA	NA	NA	NA
rs553223732	NA	NA	NA	NA	NA	NA	NA	NA	NA	NA	NA
rs538476570	NA	NA	NA	NA	NA	NA	NA	NA	NA	NA	NA
rs547290689	NA	NA	NA	NA	NA	NA	NA	NA	NA	NA	NA
rs10421649	NA	NA	NA	NA	NA	NA	NA	NA	NA	NA	NA
