$`Main MR results`
       Exposure       MR Analysis Causal Estimate         Sd   T-stat   P-value
1 beta.exposure               Raw      0.04595951 0.03319265 1.384629 0.1701652
2 beta.exposure Outlier-corrected      0.03297427 0.03118525 1.057368 0.2936933

$`MR-PRESSO results`
$`MR-PRESSO results`$`Global Test`
$`MR-PRESSO results`$`Global Test`$RSSobs
[1] 112.0864

$`MR-PRESSO results`$`Global Test`$Pvalue
[1] 0.0092


$`MR-PRESSO results`$`Outlier Test`
         RSSobs Pvalue
1  7.766837e-05      1
2  8.830333e-05      1
3  7.990646e-04      1
4  6.879379e-04      1
5  1.456745e-05      1
6  1.980163e-04      1
7  2.921739e-04      1
8  2.031669e-04      1
9  9.126539e-03      1
10 1.172951e-03      1
11 1.885597e-04      1
12 3.352808e-03      1
13 3.534071e-03      1
14 2.124593e-08      1
15 5.110581e-05      1
16 4.735386e-05      1
17 1.012660e-04      1
18 6.444400e-04      1
19 7.567626e-04      1
20 7.567474e-05      1
21 4.222703e-04      1
22 1.382386e-04      1
23 3.719556e-05      1
24 2.932305e-03      1
25 1.237692e-03      1
26 1.467633e-04      1
27 4.756549e-06      1
28 3.564185e-05      1
29 1.058571e-03      1
30 1.283256e-03      1
31 3.410871e-05      1
32 5.086189e-04      1
33 4.493450e-04      1
34 1.347653e-05      1
35 1.198602e-04      1
36 1.153043e-03      1
37 7.503404e-06      1
38 1.595601e-04      1
39 2.082126e-04      1
40 2.749543e-04      1
41 1.307917e-03 0.4368
42 1.657051e-05      1
43 4.382772e-04      1
44 7.664818e-04      1
45 5.507600e-06      1
46 1.628757e-04      1
47 5.408012e-05      1
48 1.091504e-03      1
49 8.440989e-06      1
50 3.283000e-05      1
51 6.026992e-04      1
52 6.628360e-04      1
53 6.778028e-08      1
54 9.207353e-05      1
55 1.069235e-03      1
56 3.852711e-03 0.0156
57 1.152730e-04      1
58 1.422243e-04      1
59 3.711173e-04      1
60 3.122218e-04      1
61 8.294752e-05      1
62 3.742319e-06      1
63 9.063136e-04      1
64 3.187785e-04      1
65 2.236097e-04      1
66 2.302637e-04      1
67 2.336675e-05      1
68 7.475701e-04      1
69 1.065177e-05      1
70 7.737847e-06      1
71 1.576270e-04      1
72 4.544218e-05      1
73 1.349542e-03      1
74 1.146751e-04      1
75 5.904026e-04      1
76 7.106188e-05      1
77 4.925419e-05      1
78 1.199103e-05      1

$`MR-PRESSO results`$`Distortion Test`
$`MR-PRESSO results`$`Distortion Test`$`Outliers Indices`
[1] 56

$`MR-PRESSO results`$`Distortion Test`$`Distortion Coefficient`
beta.exposure 
     39.37991 

$`MR-PRESSO results`$`Distortion Test`$Pvalue
[1] 0.4648



