$`Main MR results`
       Exposure       MR Analysis Causal Estimate         Sd     T-stat
1 beta.exposure               Raw     -0.03251525 0.07237612 -0.4492538
2 beta.exposure Outlier-corrected              NA         NA         NA
    P-value
1 0.6543787
2        NA

$`MR-PRESSO results`
$`MR-PRESSO results`$`Global Test`
$`MR-PRESSO results`$`Global Test`$RSSobs
[1] 111.4209

$`MR-PRESSO results`$`Global Test`$Pvalue
[1] 0.0498


$`MR-PRESSO results`$`Outlier Test`
         RSSobs Pvalue
1  1.606711e-02 0.1131
2  2.055334e-03      1
3  4.798833e-04      1
4  1.136836e-04      1
5  8.699524e-04      1
6  2.960398e-04      1
7  1.703826e-03      1
8  5.497665e-04      1
9  7.100790e-04      1
10 2.148360e-03      1
11 2.630445e-04      1
12 2.275284e-03      1
13 4.050175e-03      1
14 4.149519e-04      1
15 1.541604e-03      1
16 3.696011e-03      1
17 2.436195e-04      1
18 5.825390e-03      1
19 9.992007e-06      1
20 6.768755e-06      1
21 3.142837e-03      1
22 8.719395e-03      1
23 3.402179e-04      1
24 1.184915e-06      1
25 5.302772e-04      1
26 4.331268e-03      1
27 1.956835e-03      1
28 5.170429e-04      1
29 3.337641e-05      1
30 4.143026e-05      1
31 8.886746e-04      1
32 4.518450e-06      1
33 5.084281e-05      1
34 1.415321e-03      1
35 2.482430e-03      1
36 2.251075e-04      1
37 1.706158e-04      1
38 2.135271e-05      1
39 1.943703e-03      1
40 1.025311e-05      1
41 2.123537e-03      1
42 2.460778e-05      1
43 3.090870e-04      1
44 9.631365e-06      1
45 1.507696e-03      1
46 1.680898e-03      1
47 3.216402e-03      1
48 5.166570e-04      1
49 3.213753e-05      1
50 4.811019e-05      1
51 2.420403e-03      1
52 5.457651e-05      1
53 3.315404e-05      1
54 5.205723e-03      1
55 2.894043e-04      1
56 4.383396e-04      1
57 5.585158e-03      1
58 2.368901e-03      1
59 1.791981e-03      1
60 2.637313e-04      1
61 3.822810e-04      1
62 4.220075e-04      1
63 1.104449e-04      1
64 3.499192e-04      1
65 1.359867e-05      1
66 9.401575e-05      1
67 3.025122e-03      1
68 1.037290e-03      1
69 4.628815e-05      1
70 1.738983e-04      1
71 3.883460e-04      1
72 1.178080e-03      1
73 5.637946e-04      1
74 1.902890e-04      1
75 2.557467e-03      1
76 7.223240e-03      1
77 5.982500e-05      1
78 3.767161e-04      1
79 2.297540e-03      1
80 3.345267e-03      1
81 1.722494e-03      1
82 8.064731e-04      1
83 1.524440e-03      1
84 1.347643e-05      1
85 3.982641e-08      1
86 9.884330e-04      1
87 8.930636e-05      1

$`MR-PRESSO results`$`Distortion Test`
$`MR-PRESSO results`$`Distortion Test`$`Outliers Indices`
[1] "No significant outliers"

$`MR-PRESSO results`$`Distortion Test`$`Distortion Coefficient`
[1] NA

$`MR-PRESSO results`$`Distortion Test`$Pvalue
[1] NA



