$`Main MR results`
       Exposure       MR Analysis Causal Estimate         Sd    T-stat
1 beta.exposure               Raw      0.02358228 0.06154231 0.3831881
2 beta.exposure Outlier-corrected      0.03674962 0.05800863 0.6335199
    P-value
1 0.7023405
2 0.5277588

$`MR-PRESSO results`
$`MR-PRESSO results`$`Global Test`
$`MR-PRESSO results`$`Global Test`$RSSobs
[1] 135.6912

$`MR-PRESSO results`$`Global Test`$Pvalue
[1] 0.0437


$`MR-PRESSO results`$`Outlier Test`
          RSSobs  Pvalue
1   6.787885e-05       1
2   3.746502e-05       1
3   1.913800e-05       1
4   1.308034e-03       1
5   8.677458e-04       1
6   3.067689e-04       1
7   2.851673e-04       1
8   1.091511e-03       1
9   5.851605e-06       1
10  1.352773e-04       1
11  8.780138e-04       1
12  8.845659e-04       1
13  7.109625e-06       1
14  2.869540e-04       1
15  2.497295e-04       1
16  7.607305e-04       1
17  5.057733e-04       1
18  6.072640e-04       1
19  9.003445e-03       1
20  5.945168e-05       1
21  7.322443e-05       1
22  5.563354e-03       1
23  4.492519e-04       1
24  1.761169e-05       1
25  1.909411e-04       1
26  2.335106e-04       1
27  9.885923e-05       1
28  1.478965e-03       1
29  2.508347e-04       1
30  5.799190e-03       1
31  3.811974e-06       1
32  8.328353e-05       1
33  4.720094e-04       1
34  4.021526e-05       1
35  1.631197e-03       1
36  9.917454e-04       1
37  3.870553e-06       1
38  4.881802e-05       1
39  1.480255e-06       1
40  2.895024e-04       1
41  1.816153e-04       1
42  1.646365e-05       1
43  3.588003e-06       1
44  1.263330e-04       1
45  1.056646e-02       1
46  1.360376e-05       1
47  2.394613e-06       1
48  2.152368e-04       1
49  6.842899e-04       1
50  1.971362e-04       1
51  2.461742e-04       1
52  2.996493e-05       1
53  2.907118e-04       1
54  1.318573e-03       1
55  9.388866e-05       1
56  2.094543e-04       1
57  1.425287e-05       1
58  9.143473e-06       1
59  1.570649e-04       1
60  4.019676e-05       1
61  4.949142e-03 <0.0108
62  4.674813e-07       1
63  1.305512e-04       1
64  1.154466e-03       1
65  9.089773e-04       1
66  8.235586e-04       1
67  4.668284e-03       1
68  3.180094e-04       1
69  1.247434e-03       1
70  3.494502e-07       1
71  6.049208e-04       1
72  2.806911e-04       1
73  4.850996e-05       1
74  1.575807e-04       1
75  5.558889e-04       1
76  9.118279e-05       1
77  1.852208e-04       1
78  1.968432e-04       1
79  1.666995e-04       1
80  6.651318e-05       1
81  6.921766e-07       1
82  8.601671e-04       1
83  6.680506e-04       1
84  1.240141e-03       1
85  1.512044e-04       1
86  3.444931e-04       1
87  3.809199e-04       1
88  2.982128e-06       1
89  1.601434e-05       1
90  7.545449e-04       1
91  1.048062e-04       1
92  6.929304e-04       1
93  5.683148e-04       1
94  5.723088e-07       1
95  1.075511e-04       1
96  4.917595e-07       1
97  1.154726e-04       1
98  1.472981e-03  0.5832
99  1.402223e-04       1
100 1.577189e-04       1
101 7.562475e-05       1
102 1.278596e-06       1
103 9.793663e-05       1
104 7.676940e-06       1
105 3.965771e-04       1
106 2.592502e-06       1
107 1.145711e-05       1
108 5.100364e-05       1

$`MR-PRESSO results`$`Distortion Test`
$`MR-PRESSO results`$`Distortion Test`$`Outliers Indices`
[1] 61

$`MR-PRESSO results`$`Distortion Test`$`Distortion Coefficient`
beta.exposure 
    -35.82987 

$`MR-PRESSO results`$`Distortion Test`$Pvalue
[1] 0.8606



