$`Main MR results`
       Exposure       MR Analysis Causal Estimate         Sd     T-stat
1 beta.exposure               Raw    -0.008316963 0.04776018 -0.1741401
2 beta.exposure Outlier-corrected    -0.034022481 0.04221848 -0.8058671
    P-value
1 0.8622124
2 0.4228338

$`MR-PRESSO results`
$`MR-PRESSO results`$`Global Test`
$`MR-PRESSO results`$`Global Test`$RSSobs
[1] 119.2687

$`MR-PRESSO results`$`Global Test`$Pvalue
[1] 0.003


$`MR-PRESSO results`$`Outlier Test`
         RSSobs  Pvalue
1  5.353257e-05       1
2  4.536055e-04       1
3  1.282685e-03       1
4  2.108861e-03       1
5  3.405841e-04       1
6  2.229700e-04       1
7  1.831967e-04       1
8  6.838832e-06       1
9  2.580416e-02       1
10 2.522548e-04       1
11 1.964606e-04       1
12 4.509875e-04       1
13 4.545330e-03       1
14 3.857455e-04       1
15 1.544647e-03       1
16 1.883537e-04       1
17 5.775224e-05       1
18 3.970084e-05       1
19 4.154187e-06       1
20 4.842801e-04       1
21 3.931890e-03       1
22 2.748266e-06       1
23 6.975097e-04       1
24 6.594508e-03       1
25 4.584091e-03       1
26 1.700033e-04       1
27 9.269270e-04       1
28 3.798888e-05       1
29 2.563943e-05       1
30 1.504118e-04       1
31 9.031322e-04       1
32 3.192548e-05       1
33 1.203567e-04       1
34 6.905377e-04       1
35 1.827785e-05       1
36 4.713550e-04       1
37 1.388758e-04       1
38 3.633953e-05       1
39 1.651456e-05       1
40 2.148969e-03       1
41 3.952618e-04       1
42 4.030262e-04       1
43 3.753355e-04       1
44 1.214567e-02       1
45 3.144142e-05       1
46 1.356089e-03       1
47 4.865004e-05       1
48 1.702884e-03       1
49 2.414169e-03       1
50 1.618484e-04       1
51 1.532805e-03       1
52 2.717735e-03       1
53 4.776914e-06       1
54 5.592154e-04       1
55 6.659149e-03       1
56 1.233044e-02 <0.0078
57 5.617614e-05       1
58 1.625853e-04       1
59 5.369493e-04       1
60 1.233937e-04       1
61 1.228359e-04       1
62 5.306121e-06       1
63 1.664251e-04       1
64 2.134430e-03  0.7098
65 4.742415e-04       1
66 6.945706e-05       1
67 6.269570e-04       1
68 1.918359e-03       1
69 1.015359e-04       1
70 3.807800e-05       1
71 2.941690e-04       1
72 4.274486e-04       1
73 1.308385e-03       1
74 1.386418e-06       1
75 1.844380e-05       1
76 1.097757e-04       1
77 3.134824e-04       1
78 6.354601e-04       1

$`MR-PRESSO results`$`Distortion Test`
$`MR-PRESSO results`$`Distortion Test`$`Outliers Indices`
[1] 56

$`MR-PRESSO results`$`Distortion Test`$`Distortion Coefficient`
beta.exposure 
     75.55451 

$`MR-PRESSO results`$`Distortion Test`$Pvalue
[1] 0.712



