$`Main MR results`
       Exposure       MR Analysis Causal Estimate        Sd   T-stat
1 beta.exposure               Raw       0.4107639 0.1104366 3.719454
2 beta.exposure Outlier-corrected              NA        NA       NA
       P-value
1 0.0002221286
2           NA

$`MR-PRESSO results`
$`MR-PRESSO results`$`Global Test`
$`MR-PRESSO results`$`Global Test`$RSSobs
[1] 583.6731

$`MR-PRESSO results`$`Global Test`$Pvalue
[1] 0.009


$`MR-PRESSO results`$`Outlier Test`
          RSSobs Pvalue
1   3.210732e-03      1
2   8.568688e-04      1
3   6.553298e-04      1
4   4.620597e-04      1
5   6.743512e-03      1
6   1.364594e-03      1
7   1.272837e-05      1
8   3.096197e-03      1
9   5.094466e-04      1
10  1.513103e-03      1
11  4.424252e-04      1
12  5.743910e-03      1
13  2.483222e-04      1
14  1.611327e-03      1
15  4.317405e-03      1
16  9.361771e-04      1
17  1.530147e-03      1
18  2.260758e-05      1
19  6.223361e-04      1
20  6.784581e-04      1
21  3.273335e-04      1
22  5.431097e-04      1
23  1.425521e-04      1
24  2.666017e-03      1
25  7.098918e-04      1
26  1.224960e-03      1
27  2.394715e-03      1
28  2.907036e-03      1
29  4.894436e-03      1
30  1.874179e-04      1
31  1.102783e-03      1
32  2.181507e-03      1
33  7.921038e-04      1
34  3.609457e-04      1
35  1.567045e-03      1
36  7.392399e-07      1
37  8.398365e-04      1
38  1.842888e-06      1
39  6.179178e-04      1
40  5.429637e-04      1
41  1.480001e-04      1
42  9.046880e-05      1
43  1.656130e-02      1
44  4.398093e-03      1
45  2.033882e-04      1
46  2.721596e-04      1
47  5.374492e-03      1
48  7.591994e-04      1
49  1.266562e-05      1
50  9.592880e-05      1
51  3.656674e-03      1
52  7.069146e-05      1
53  1.929827e-03      1
54  8.507623e-05      1
55  4.960478e-03      1
56  7.405828e-04      1
57  1.228976e-03      1
58  7.928221e-03      1
59  1.972145e-05      1
60  2.486684e-04      1
61  5.524726e-03      1
62  3.252579e-04      1
63  2.593150e-04      1
64  2.767865e-03      1
65  3.231215e-03      1
66  1.068946e-03      1
67  5.213690e-04      1
68  2.552288e-04      1
69  3.681133e-03      1
70  8.063867e-05      1
71  9.059666e-03      1
72  3.906379e-03      1
73  5.855153e-04      1
74  1.914302e-05      1
75  7.746126e-06      1
76  1.235424e-03      1
77  4.114104e-03      1
78  2.913262e-03      1
79  1.887993e-03      1
80  1.282474e-04      1
81  1.359859e-08      1
82  2.125962e-03      1
83  1.296107e-02      1
84  7.614909e-05      1
85  4.480722e-05      1
86  8.784738e-05      1
87  6.516190e-04      1
88  3.528748e-03      1
89  1.956981e-04      1
90  2.357194e-03      1
91  1.071184e-03      1
92  2.964452e-03      1
93  1.469522e-04      1
94  1.774831e-06      1
95  6.616447e-05      1
96  1.242185e-03      1
97  1.289706e-02      1
98  1.048486e-04      1
99  2.722443e-04      1
100 5.649145e-04      1
101 2.538714e-03      1
102 3.358621e-04      1
103 1.557532e-03      1
104 1.798316e-04      1
105 1.099124e-03      1
106 1.193745e-03      1
107 3.008036e-04      1
108 3.446210e-03      1
109 4.178379e-03      1
110 1.903736e-03      1
111 9.253887e-04      1
112 6.195829e-04      1
113 1.796552e-04      1
114 3.957224e-05      1
115 2.022416e-03      1
116 3.084125e-05      1
117 1.092313e-03      1
118 5.631993e-04      1
119 5.176945e-07      1
120 1.443140e-03      1
121 5.860569e-03      1
122 1.735107e-03      1
123 1.717966e-02      1
124 1.733266e-03      1
125 1.471401e-03      1
126 5.238600e-04      1
127 5.497985e-04      1
128 2.463712e-04      1
129 4.799416e-03      1
130 4.977838e-04      1
131 4.702315e-03      1
132 2.422257e-05      1
133 1.696592e-04      1
134 1.435256e-08      1
135 1.860829e-03      1
136 1.133709e-05      1
137 3.910204e-03      1
138 8.623784e-05      1
139 1.244722e-03      1
140 3.289186e-04      1
141 4.986577e-03      1
142 4.317108e-03      1
143 5.619551e-04      1
144 1.750254e-03      1
145 1.726227e-03      1
146 8.465282e-04      1
147 3.300845e-04      1
148 2.658216e-04      1
149 9.301062e-04      1
150 1.321537e-03      1
151 1.144712e-02 0.6048
152 8.432310e-04      1
153 1.491494e-03      1
154 1.363224e-03      1
155 7.514172e-05      1
156 2.625813e-04      1
157 1.013583e-05      1
158 9.398597e-04      1
159 5.356264e-03      1
160 3.464086e-03      1
161 1.506578e-02      1
162 8.420235e-05      1
163 2.312561e-04      1
164 5.927401e-03      1
165 2.152188e-03      1
166 2.921068e-06      1
167 1.266022e-03      1
168 7.256536e-06      1
169 1.273425e-02      1
170 1.970496e-03      1
171 8.472952e-04      1
172 6.973377e-04      1
173 1.749150e-07      1
174 3.999903e-04      1
175 3.745803e-08      1
176 1.919028e-02      1
177 1.282135e-05      1
178 6.919232e-06      1
179 4.607748e-03      1
180 2.976731e-05      1
181 4.954488e-04      1
182 2.814245e-03      1
183 5.143742e-04      1
184 1.848298e-04      1
185 5.089045e-03      1
186 3.419822e-03      1
187 1.984515e-03      1
188 3.085076e-03      1
189 4.631819e-06      1
190 6.788176e-04      1
191 1.125605e-03      1
192 2.139923e-04      1
193 1.867906e-04      1
194 1.671730e-06      1
195 9.485258e-03      1
196 3.272629e-04      1
197 2.853961e-04      1
198 6.273975e-04      1
199 2.039451e-03      1
200 1.772343e-04      1
201 3.110716e-04      1
202 1.759309e-03      1
203 1.950407e-04      1
204 7.547703e-04      1
205 1.298239e-03      1
206 5.838387e-06      1
207 2.159893e-04      1
208 1.551467e-03      1
209 9.700060e-04      1
210 3.452050e-03      1
211 3.166907e-05      1
212 1.782107e-02      1
213 1.337344e-03      1
214 1.978275e-03      1
215 8.766253e-04      1
216 9.821202e-04      1
217 3.747919e-04      1
218 5.483243e-03      1
219 1.684217e-04      1
220 1.596430e-03      1
221 1.836378e-04      1
222 2.463698e-03      1
223 2.229212e-04      1
224 2.869441e-03      1
225 6.076563e-05      1
226 1.061394e-03      1
227 1.682696e-03      1
228 1.081201e-04      1
229 9.353442e-04      1
230 1.782246e-04      1
231 6.926240e-04      1
232 5.673422e-03      1
233 2.592266e-04      1
234 6.929091e-04      1
235 2.702856e-03      1
236 2.912788e-05      1
237 4.943584e-03      1
238 4.745585e-04      1
239 4.939504e-03      1
240 7.853319e-05      1
241 1.063386e-02      1
242 6.004599e-03      1
243 3.666539e-03      1
244 9.939269e-04      1
245 1.502303e-04      1
246 1.146996e-04      1
247 1.970730e-03      1
248 1.092084e-03      1
249 5.739126e-05      1
250 4.621628e-05      1
251 6.009379e-04      1
252 2.018541e-04      1
253 4.202298e-03      1
254 1.775679e-03      1
255 7.842061e-03      1
256 7.264542e-03      1
257 2.012925e-03      1
258 2.920618e-03      1
259 1.251439e-04      1
260 2.064300e-03      1
261 1.315558e-03      1
262 1.523710e-03      1
263 5.842257e-04      1
264 4.014846e-03      1
265 1.291294e-05      1
266 5.936762e-03      1
267 2.548944e-04      1
268 3.961923e-03      1
269 7.874367e-05      1
270 1.823443e-04      1
271 8.430358e-05      1
272 1.941911e-03      1
273 5.170529e-08      1
274 5.844189e-05      1
275 2.726036e-03      1
276 1.779693e-04      1
277 8.016924e-04      1
278 1.948185e-04      1
279 8.460926e-04      1
280 6.588629e-04      1
281 4.777018e-03      1
282 5.337216e-05      1
283 1.088588e-03      1
284 5.213003e-05      1
285 2.130839e-03      1
286 1.032630e-02      1
287 2.206365e-03      1
288 4.503851e-03      1
289 1.326761e-03      1
290 4.717443e-03      1
291 3.417545e-03      1
292 1.452261e-03      1
293 2.830107e-03      1
294 1.581019e-03      1
295 2.585814e-04      1
296 8.975471e-05      1
297 3.108729e-07      1
298 3.788666e-03      1
299 6.437715e-05      1
300 4.550283e-05      1
301 2.623168e-04      1
302 2.638236e-06      1
303 7.669389e-05      1
304 4.982514e-05      1
305 3.233112e-04      1
306 8.005406e-03      1
307 8.340433e-04      1
308 5.244495e-04      1
309 1.817698e-03      1
310 3.977281e-04      1
311 5.899813e-06      1
312 8.398986e-04      1
313 2.521657e-04      1
314 1.276846e-02      1
315 2.746228e-04      1
316 2.587038e-06      1
317 1.546894e-03      1
318 1.501246e-03      1
319 9.769681e-04      1
320 7.881674e-03      1
321 1.084144e-03      1
322 6.764502e-03      1
323 8.807245e-04      1
324 3.494210e-04      1
325 6.464170e-04      1
326 6.094468e-04      1
327 1.299951e-03      1
328 6.142548e-03      1
329 1.111662e-03      1
330 1.064557e-03      1
331 1.423755e-03      1
332 4.087038e-04      1
333 3.502766e-04      1
334 2.767138e-04      1
335 3.845508e-05      1
336 4.063612e-05      1
337 4.655090e-04      1
338 3.418631e-04      1
339 4.827042e-04      1
340 3.324107e-04      1
341 3.498429e-04      1
342 2.622404e-03      1
343 6.082131e-04      1
344 5.508806e-06      1
345 2.831958e-04      1
346 2.999430e-04      1
347 2.367470e-03      1
348 1.970292e-03      1
349 1.923444e-03      1
350 2.784506e-03      1
351 6.398379e-05      1
352 3.053633e-05      1
353 2.854832e-02      1
354 1.582631e-03      1
355 3.478021e-03      1
356 1.299035e-03      1
357 4.619818e-03      1
358 5.663443e-04      1
359 8.986126e-04      1
360 1.381068e-04      1
361 1.365180e-04      1
362 8.225934e-03      1
363 2.031823e-04      1
364 1.933803e-04      1
365 7.315046e-04      1
366 4.591348e-03      1
367 2.657632e-04      1
368 9.365396e-04      1
369 6.201319e-03      1
370 1.314404e-03      1
371 6.428524e-04      1
372 1.260284e-03      1
373 8.061831e-04      1
374 1.388963e-02      1
375 5.727014e-05      1
376 6.546967e-04      1
377 3.567239e-03      1
378 1.107567e-03      1
379 3.228365e-04      1
380 6.312594e-04      1
381 2.130321e-04      1
382 5.707989e-04      1
383 1.041728e-03      1
384 5.968131e-04      1
385 6.767080e-03      1
386 6.078954e-04      1
387 2.121999e-06      1
388 1.032215e-03      1
389 7.514788e-04      1
390 1.040032e-06      1
391 2.457443e-04      1
392 1.403145e-05      1
393 1.572306e-03      1
394 3.533200e-04      1
395 3.417028e-04      1
396 2.849313e-05      1
397 5.702974e-04      1
398 1.557103e-04      1
399 3.605576e-07      1
400 1.464147e-05      1
401 2.035922e-04      1
402 4.540752e-06      1
403 9.224512e-04      1
404 1.253523e-03      1
405 4.851337e-06      1
406 4.951040e-04      1
407 3.347128e-05      1
408 1.208428e-03      1
409 1.869640e-03      1
410 2.668347e-02      1
411 5.657677e-04      1
412 3.132789e-06      1
413 7.638091e-05      1
414 7.510634e-04      1
415 2.214353e-03      1
416 1.247836e-04      1
417 9.535773e-06      1
418 1.141750e-04      1
419 1.087543e-04      1
420 1.684691e-03      1
421 1.850019e-05      1
422 4.736271e-04      1
423 9.826765e-03      1
424 1.372200e-03      1
425 1.622129e-04      1
426 3.381267e-03      1
427 1.356557e-03      1
428 1.863920e-03      1
429 1.365090e-03      1
430 7.949292e-04      1
431 4.855050e-05      1
432 2.408738e-03      1
433 1.433363e-03      1
434 1.944110e-03      1
435 1.218588e-04      1
436 2.796882e-04      1
437 5.139776e-04      1
438 2.558140e-04      1
439 3.553384e-04      1
440 1.694488e-05      1
441 1.570224e-03      1
442 2.526501e-03      1
443 2.401974e-03      1
444 4.888609e-03      1
445 2.874919e-03      1
446 8.085415e-03      1
447 1.922217e-03      1
448 2.500308e-03      1
449 6.997835e-04      1
450 3.046091e-03      1
451 4.294447e-03      1
452 4.485486e-03      1
453 1.354409e-02      1
454 4.106010e-03      1
455 1.045021e-03      1
456 7.631196e-06      1
457 1.396683e-04      1
458 1.672536e-06      1
459 2.651537e-04      1
460 7.166514e-04      1
461 5.032571e-04      1
462 1.642589e-04      1
463 3.607834e-04      1
464 1.396850e-05      1
465 5.988330e-03      1
466 2.001946e-06      1
467 2.593544e-04      1
468 6.394976e-03      1
469 2.897771e-03      1
470 4.271065e-03      1
471 1.321841e-04      1
472 1.561690e-03      1
473 7.580199e-06      1
474 8.768090e-05      1
475 5.362357e-03      1
476 6.433473e-06      1
477 7.001138e-03      1
478 1.927046e-08      1
479 2.468758e-04      1
480 7.520426e-03      1
481 9.001574e-05      1
482 9.106161e-04      1
483 1.363194e-03      1
484 4.322269e-03      1
485 5.395567e-04      1
486 1.413176e-03      1
487 2.106568e-03      1
488 1.060437e-04      1
489 2.509964e-03      1
490 7.680034e-06      1
491 5.346079e-04      1
492 3.413348e-06      1
493 3.904055e-03      1
494 2.658062e-03      1
495 3.357804e-04      1
496 5.879194e-03      1
497 1.101169e-04      1
498 7.418878e-06      1
499 3.454834e-03      1
500 1.249475e-03      1
501 6.265654e-03      1
502 3.404448e-03      1
503 7.748107e-04      1
504 3.705600e-05      1

$`MR-PRESSO results`$`Distortion Test`
$`MR-PRESSO results`$`Distortion Test`$`Outliers Indices`
[1] "No significant outliers"

$`MR-PRESSO results`$`Distortion Test`$`Distortion Coefficient`
[1] NA

$`MR-PRESSO results`$`Distortion Test`$Pvalue
[1] NA



