$`Main MR results`
       Exposure       MR Analysis Causal Estimate         Sd   T-stat   P-value
1 beta.exposure               Raw       0.0370588 0.04866304 0.761539 0.4486316
2 beta.exposure Outlier-corrected              NA         NA       NA        NA

$`MR-PRESSO results`
$`MR-PRESSO results`$`Global Test`
$`MR-PRESSO results`$`Global Test`$RSSobs
[1] 104.1744

$`MR-PRESSO results`$`Global Test`$Pvalue
[1] 0.0397


$`MR-PRESSO results`$`Outlier Test`
         RSSobs Pvalue
1  3.099853e-04      1
2  4.765718e-04      1
3  1.767674e-03      1
4  7.026422e-05      1
5  2.399191e-03      1
6  1.420539e-04      1
7  3.403456e-03      1
8  2.175495e-03      1
9  4.729483e-03 0.5214
10 3.123432e-04      1
11 1.099310e-03      1
12 4.911482e-03      1
13 8.565871e-04      1
14 8.478848e-03      1
15 1.197413e-03      1
16 1.115589e-04      1
17 1.266287e-03      1
18 4.953084e-03      1
19 2.366555e-03      1
20 5.114286e-04      1
21 9.633781e-05      1
22 2.092154e-04      1
23 4.129840e-04      1
24 4.387680e-03      1
25 1.224953e-04      1
26 3.437904e-06      1
27 1.298428e-06      1
28 8.238769e-03 0.1975
29 4.872747e-06      1
30 4.036517e-03      1
31 7.670813e-04      1
32 1.191343e-05      1
33 3.628968e-05      1
34 3.977730e-04      1
35 4.227225e-05      1
36 9.526123e-04      1
37 4.048559e-04      1
38 7.638519e-04      1
39 4.217795e-03      1
40 4.486991e-03      1
41 3.552893e-05      1
42 3.166308e-05      1
43 2.783935e-03      1
44 3.454190e-06      1
45 7.907856e-03      1
46 2.264467e-04      1
47 1.574379e-03      1
48 8.156253e-04      1
49 1.119571e-03      1
50 1.358625e-03      1
51 1.098612e-03      1
52 2.558622e-05      1
53 1.610412e-04      1
54 1.110537e-03      1
55 1.168518e-04      1
56 1.008211e-04      1
57 5.725931e-04      1
58 1.154689e-03      1
59 9.574912e-04      1
60 1.034704e-03      1
61 2.073053e-04      1
62 3.407415e-04      1
63 8.155133e-06      1
64 2.577007e-03      1
65 3.283175e-03      1
66 1.314870e-04      1
67 1.400110e-03      1
68 1.660671e-03      1
69 7.286720e-05      1
70 2.142649e-03      1
71 2.583622e-02      1
72 1.041706e-04      1
73 1.764120e-03      1
74 1.171761e-03      1
75 5.142699e-03      1
76 1.912615e-03      1
77 2.376757e-05      1
78 9.626889e-04      1
79 1.279246e-04      1

$`MR-PRESSO results`$`Distortion Test`
$`MR-PRESSO results`$`Distortion Test`$`Outliers Indices`
[1] "No significant outliers"

$`MR-PRESSO results`$`Distortion Test`$`Distortion Coefficient`
[1] NA

$`MR-PRESSO results`$`Distortion Test`$Pvalue
[1] NA



