$`Main MR results`
       Exposure       MR Analysis Causal Estimate         Sd   T-stat   P-value
1 beta.exposure               Raw      0.05083538 0.03488116 1.457388 0.1495457
2 beta.exposure Outlier-corrected      0.04114181 0.03287510 1.251458 0.2150555

$`MR-PRESSO results`
$`MR-PRESSO results`$`Global Test`
$`MR-PRESSO results`$`Global Test`$RSSobs
[1] 95.91713

$`MR-PRESSO results`$`Global Test`$Pvalue
[1] 0.0281


$`MR-PRESSO results`$`Outlier Test`
         RSSobs Pvalue
1  8.278004e-05      1
2  1.154918e-03      1
3  2.361231e-05      1
4  2.638821e-04      1
5  1.113380e-04      1
6  3.112245e-03      1
7  2.338783e-02      1
8  3.610712e-03      1
9  1.808526e-04      1
10 2.131508e-04      1
11 5.227598e-03      1
12 4.862611e-04      1
13 3.289495e-03      1
14 1.579854e-03      1
15 4.664919e-04      1
16 4.568709e-03      1
17 1.205754e-03      1
18 1.026045e-03      1
19 2.407780e-06      1
20 1.130668e-03      1
21 9.671937e-05      1
22 1.298183e-02      1
23 1.092362e-04      1
24 7.630614e-04      1
25 9.816491e-04      1
26 6.040484e-04      1
27 4.722466e-04      1
28 2.545963e-05      1
29 5.376086e-04      1
30 2.422833e-03      1
31 1.328369e-04      1
32 4.208801e-04      1
33 1.608004e-03      1
34 2.592082e-01  0.042
35 8.518050e-02      1
36 1.106193e-02      1
37 2.094444e-03      1
38 4.401393e-04      1
39 3.432339e-03      1
40 3.777649e-03      1
41 1.471690e-04      1
42 9.221495e-04      1
43 7.415269e-04      1
44 1.863957e-04      1
45 2.842084e-04      1
46 1.695676e-02  0.637
47 1.964966e-03      1
48 5.737309e-03      1
49 3.306334e-05      1
50 7.569746e-04      1
51 3.535639e-03      1
52 1.849318e-03      1
53 8.198115e-04      1
54 1.489605e-04      1
55 2.867817e-03      1
56 3.300013e-06      1
57 2.558981e-04      1
58 1.105593e-03      1
59 6.964838e-03      1
60 9.607390e-03  0.112
61 1.192679e-03      1
62 5.576097e-03      1
63 3.866745e-04      1
64 3.089220e-03      1
65 7.846640e-04      1
66 1.894574e-03      1
67 8.902206e-05      1
68 2.542908e-03      1
69 5.758965e-05      1
70 9.251946e-06      1

$`MR-PRESSO results`$`Distortion Test`
$`MR-PRESSO results`$`Distortion Test`$`Outliers Indices`
[1] 34

$`MR-PRESSO results`$`Distortion Test`$`Distortion Coefficient`
beta.exposure 
     23.56137 

$`MR-PRESSO results`$`Distortion Test`$Pvalue
[1] 0.7085



