$`Main MR results`
       Exposure       MR Analysis Causal Estimate         Sd   T-stat
1 beta.exposure               Raw       0.1224624 0.06679756 1.833336
2 beta.exposure Outlier-corrected       0.1463271 0.05584188 2.620383
     P-value
1 0.06953242
2 0.01007249

$`MR-PRESSO results`
$`MR-PRESSO results`$`Global Test`
$`MR-PRESSO results`$`Global Test`$RSSobs
[1] 184.1507

$`MR-PRESSO results`$`Global Test`$Pvalue
[1] "<1e-04"


$`MR-PRESSO results`$`Outlier Test`
          RSSobs  Pvalue
1   2.251457e-05       1
2   9.586499e-05       1
3   2.428548e-05       1
4   4.379360e-05       1
5   8.353498e-06       1
6   1.562303e-05       1
7   1.213162e-04       1
8   8.192776e-05       1
9   3.756445e-05       1
10  2.123471e-06       1
11  1.071934e-04       1
12  9.172111e-05       1
13  8.940686e-04       1
14  5.720101e-05       1
15  1.804913e-06       1
16  1.598426e-04       1
17  2.946657e-04       1
18  2.297923e-05       1
19  2.958877e-04       1
20  1.741697e-08       1
21  2.772731e-03       1
22  1.594435e-04       1
23  3.579010e-04       1
24  7.181863e-04       1
25  4.041962e-05       1
26  7.103769e-05       1
27  7.023831e-06       1
28  5.725652e-06       1
29  1.886117e-04       1
30  1.153464e-03       1
31  3.604758e-08       1
32  1.436592e-05       1
33  5.959644e-05       1
34  4.366389e-05       1
35  4.879276e-04       1
36  4.047625e-04       1
37  5.220399e-04       1
38  3.318105e-05       1
39  1.951557e-03       1
40  6.236177e-04       1
41  5.262434e-05       1
42  1.051104e-04       1
43  4.983872e-08       1
44  2.721487e-04       1
45  4.138762e-04       1
46  1.826265e-03       1
47  3.927882e-05       1
48  2.427091e-04       1
49  9.392802e-05       1
50  1.260848e-04       1
51  3.645996e-04       1
52  1.098864e-04       1
53  6.288309e-04       1
54  1.281101e-03       1
55  7.108606e-05       1
56  1.834545e-03       1
57  2.819263e-05       1
58  1.146921e-06       1
59  1.004498e-04       1
60  1.282686e-03  0.5616
61  1.334074e-02 <0.0108
62  1.049788e-03       1
63  1.035660e-03       1
64  1.862561e-04       1
65  2.632626e-03       1
66  2.256920e-04       1
67  3.583828e-05       1
68  1.299626e-03   0.594
69  3.223671e-04       1
70  1.809190e-04       1
71  7.661617e-04       1
72  4.276150e-04       1
73  9.490969e-05       1
74  4.521863e-04       1
75  5.660995e-06       1
76  1.038049e-06       1
77  4.555847e-06       1
78  6.339657e-06       1
79  1.810240e-04       1
80  6.078680e-04       1
81  9.017429e-05       1
82  4.138919e-03  0.6264
83  2.819208e-03       1
84  4.493012e-05       1
85  2.739632e-04       1
86  1.442409e-04       1
87  9.490381e-05       1
88  7.436779e-06       1
89  2.291233e-05       1
90  5.560533e-04       1
91  6.596723e-07       1
92  7.956185e-05       1
93  1.145508e-05       1
94  2.463751e-05       1
95  2.721853e-04       1
96  1.437208e-03       1
97  1.777416e-05       1
98  8.667583e-05       1
99  8.430453e-04       1
100 4.532244e-06       1
101 1.624394e-03       1
102 8.936752e-04       1
103 8.572626e-05       1
104 5.192073e-06       1
105 5.554397e-06       1
106 2.869772e-06       1
107 9.835742e-04       1
108 2.540227e-05       1

$`MR-PRESSO results`$`Distortion Test`
$`MR-PRESSO results`$`Distortion Test`$`Outliers Indices`
[1] 61

$`MR-PRESSO results`$`Distortion Test`$`Distortion Coefficient`
beta.exposure 
    -16.30916 

$`MR-PRESSO results`$`Distortion Test`$Pvalue
[1] 0.6836



