$`Main MR results`
       Exposure       MR Analysis Causal Estimate         Sd   T-stat
1 beta.exposure               Raw       0.3394584 0.08632099 3.932513
2 beta.exposure Outlier-corrected              NA         NA       NA
       P-value
1 9.583293e-05
2           NA

$`MR-PRESSO results`
$`MR-PRESSO results`$`Global Test`
$`MR-PRESSO results`$`Global Test`$RSSobs
[1] 572.87

$`MR-PRESSO results`$`Global Test`$Pvalue
[1] 0.02032


$`MR-PRESSO results`$`Outlier Test`
          RSSobs Pvalue
1   7.500892e-04      1
2   1.567275e-03      1
3   1.360579e-03      1
4   2.800341e-03      1
5   2.200825e-03      1
6   1.051768e-04      1
7   5.992787e-04      1
8   1.581485e-03      1
9   1.424628e-05      1
10  1.226720e-03      1
11  7.298160e-05      1
12  6.151657e-03      1
13  1.340806e-04      1
14  4.169037e-03      1
15  4.291151e-03      1
16  2.034791e-07      1
17  1.206476e-03      1
18  6.841703e-04      1
19  2.778395e-03      1
20  3.215859e-03      1
21  2.026025e-03      1
22  3.272062e-07      1
23  2.522455e-04      1
24  1.174836e-05      1
25  1.917381e-05      1
26  5.763222e-05      1
27  1.452706e-03      1
28  6.059595e-03      1
29  1.589169e-03      1
30  2.807816e-03      1
31  4.809123e-03      1
32  1.332453e-03      1
33  2.444900e-06      1
34  4.508772e-04      1
35  1.422510e-04      1
36  1.066307e-02      1
37  1.404496e-04      1
38  3.427706e-04      1
39  2.188874e-03      1
40  1.426694e-05      1
41  2.696302e-04      1
42  1.286990e-03      1
43  1.870706e-03      1
44  3.047287e-03      1
45  8.642177e-04      1
46  1.181926e-05      1
47  1.447015e-03      1
48  2.120039e-03      1
49  8.657652e-04      1
50  1.695952e-03      1
51  1.120491e-03      1
52  1.833516e-03      1
53  1.212367e-03      1
54  5.205802e-03      1
55  9.274346e-04      1
56  2.173072e-04      1
57  4.130971e-04      1
58  1.900383e-03      1
59  3.380885e-04      1
60  2.118181e-05      1
61  1.337015e-04      1
62  3.515984e-04      1
63  1.723330e-03      1
64  3.539704e-04      1
65  1.783786e-03      1
66  7.153493e-04      1
67  7.866871e-04      1
68  2.085705e-04      1
69  4.672148e-05      1
70  2.829958e-04      1
71  3.881761e-03      1
72  2.921551e-04      1
73  4.271406e-04      1
74  2.288692e-04      1
75  2.934833e-04      1
76  5.956526e-04      1
77  5.696219e-05      1
78  3.851074e-05      1
79  1.796650e-03      1
80  3.764104e-04      1
81  2.123735e-05      1
82  1.027733e-03      1
83  1.818022e-03      1
84  2.859145e-03      1
85  3.103550e-04      1
86  8.014805e-05      1
87  8.291056e-07      1
88  2.386087e-04      1
89  1.500027e-04      1
90  5.356614e-03      1
91  9.399896e-06      1
92  2.180704e-03      1
93  6.046009e-03      1
94  1.532749e-03      1
95  2.907823e-04      1
96  4.563189e-04      1
97  1.947058e-03      1
98  1.137549e-05      1
99  6.007909e-03      1
100 6.398931e-04      1
101 1.450346e-03      1
102 2.525219e-05      1
103 2.425992e-04      1
104 1.472701e-03      1
105 6.265552e-04      1
106 8.629816e-06      1
107 1.987026e-04      1
108 5.453526e-04      1
109 7.105521e-04      1
110 3.084745e-04      1
111 1.448016e-03      1
112 1.061135e-04      1
113 2.069726e-04      1
114 8.357307e-03      1
115 1.787236e-04      1
116 3.835575e-04      1
117 3.410628e-05      1
118 1.818460e-03      1
119 2.715866e-05      1
120 7.470417e-06      1
121 7.379547e-03      1
122 9.285145e-04      1
123 3.452138e-03      1
124 6.290102e-03      1
125 8.908331e-05      1
126 1.032106e-06      1
127 6.785790e-04      1
128 1.065242e-03      1
129 9.400811e-06      1
130 9.528403e-04      1
131 1.251693e-03      1
132 4.599127e-05      1
133 9.140631e-04      1
134 9.334957e-04      1
135 6.702170e-03      1
136 5.516959e-04      1
137 2.686071e-04      1
138 1.612907e-03      1
139 9.024600e-04      1
140 1.420929e-04      1
141 6.492165e-05      1
142 4.140835e-05      1
143 1.664289e-03      1
144 5.993559e-05      1
145 2.424429e-03      1
146 1.952723e-03      1
147 3.669608e-03      1
148 4.504228e-05      1
149 7.266329e-07      1
150 7.256636e-04      1
151 3.417302e-04      1
152 1.133144e-05      1
153 6.026841e-05      1
154 2.281963e-03      1
155 1.409826e-04      1
156 1.020741e-04      1
157 1.939998e-04      1
158 2.050880e-03      1
159 9.021445e-04      1
160 1.152847e-04      1
161 1.318834e-05      1
162 1.722273e-04      1
163 1.828508e-05      1
164 1.144516e-02      1
165 1.148866e-03      1
166 5.618731e-03      1
167 2.117031e-03      1
168 2.443561e-05      1
169 2.315716e-04      1
170 5.287131e-03      1
171 7.159432e-04      1
172 3.547651e-04      1
173 3.439677e-05      1
174 8.683783e-04      1
175 6.766853e-04      1
176 5.598921e-05      1
177 1.490283e-02      1
178 3.807777e-03      1
179 9.836767e-05      1
180 1.537299e-04      1
181 1.461142e-03      1
182 1.380914e-02      1
183 3.801623e-04      1
184 2.843373e-03      1
185 4.984214e-04      1
186 1.600410e-04      1
187 7.248079e-04      1
188 1.676547e-04      1
189 4.376530e-05      1
190 3.219720e-06      1
191 3.795612e-04      1
192 7.454137e-04      1
193 3.851694e-04      1
194 2.502313e-04      1
195 8.119786e-04      1
196 7.857066e-03      1
197 3.845237e-04      1
198 4.580331e-05      1
199 1.179867e-03      1
200 1.835649e-04      1
201 5.761128e-04      1
202 1.030953e-03      1
203 1.811399e-04      1
204 2.349436e-03      1
205 3.727552e-03      1
206 1.955356e-04      1
207 4.778360e-04      1
208 2.862191e-04      1
209 2.721396e-04      1
210 1.988321e-04      1
211 7.848687e-04      1
212 5.177976e-03      1
213 6.742480e-04      1
214 1.201283e-03      1
215 1.712126e-05      1
216 1.034779e-03      1
217 1.136350e-03      1
218 8.947545e-04      1
219 1.029777e-05      1
220 8.917708e-04      1
221 2.595055e-03      1
222 1.576049e-03      1
223 1.115685e-03      1
224 2.213154e-04      1
225 5.133858e-03      1
226 2.438683e-03      1
227 6.959470e-04      1
228 1.115002e-04      1
229 1.309943e-03      1
230 2.650502e-04      1
231 7.158898e-04      1
232 2.583185e-04      1
233 1.516062e-03      1
234 1.870796e-03      1
235 3.341966e-04      1
236 1.190503e-04      1
237 1.098090e-03      1
238 5.287392e-05      1
239 4.726536e-04      1
240 3.787927e-05      1
241 9.309987e-04      1
242 9.311759e-04      1
243 2.400149e-04      1
244 2.032162e-05      1
245 9.902757e-04      1
246 4.299136e-04      1
247 3.564801e-05      1
248 4.552171e-05      1
249 3.817951e-06      1
250 4.491826e-04      1
251 4.865048e-03      1
252 2.421135e-03      1
253 1.279896e-04      1
254 6.152936e-04      1
255 1.480135e-05      1
256 3.589721e-03      1
257 8.465039e-05      1
258 1.943625e-03      1
259 1.063755e-03      1
260 4.342704e-04      1
261 2.089818e-03      1
262 2.336501e-05      1
263 2.965800e-03      1
264 1.364296e-03      1
265 6.249657e-05      1
266 3.423861e-04      1
267 2.632875e-04      1
268 9.266025e-04      1
269 2.378313e-03      1
270 4.260410e-06      1
271 2.232775e-04      1
272 5.991998e-04      1
273 4.016126e-05      1
274 2.597598e-05      1
275 2.101829e-05      1
276 4.839381e-04      1
277 3.288410e-04      1
278 1.002046e-03      1
279 5.695681e-04      1
280 1.118270e-03      1
281 4.476006e-04      1
282 1.088612e-03      1
283 1.509994e-03      1
284 1.016869e-04      1
285 2.216486e-03      1
286 3.560812e-03      1
287 1.263028e-03      1
288 1.376231e-03      1
289 5.342483e-04      1
290 2.531920e-03      1
291 2.838541e-03      1
292 2.061582e-04      1
293 7.373468e-05      1
294 5.470854e-04      1
295 6.569046e-04      1
296 9.732714e-04      1
297 4.726835e-04      1
298 2.964925e-08      1
299 1.354171e-03      1
300 5.407805e-04      1
301 7.848031e-04      1
302 2.705417e-05      1
303 6.330418e-07      1
304 1.094420e-03      1
305 7.728625e-03      1
306 5.029099e-04      1
307 4.854356e-04      1
308 2.792488e-04      1
309 1.252402e-03      1
310 5.107786e-06      1
311 3.426016e-04      1
312 2.060832e-04      1
313 3.655394e-04      1
314 1.146536e-07      1
315 3.212042e-05      1
316 1.208479e-03      1
317 2.404819e-04      1
318 1.430400e-03      1
319 2.510611e-06      1
320 2.044193e-04      1
321 4.631186e-03      1
322 4.387936e-05      1
323 1.666648e-03      1
324 1.426615e-04      1
325 5.156960e-04      1
326 1.388970e-05      1
327 2.307283e-03      1
328 1.955538e-03      1
329 2.829362e-03      1
330 7.769047e-04      1
331 1.409823e-03      1
332 1.266551e-03      1
333 3.392596e-05      1
334 1.499465e-03      1
335 2.291884e-05      1
336 2.581878e-03      1
337 2.202601e-05      1
338 3.212064e-06      1
339 7.533723e-07      1
340 6.651080e-04      1
341 2.547043e-03      1
342 1.491491e-06      1
343 1.279613e-03      1
344 1.330689e-04      1
345 3.077759e-04      1
346 1.049111e-04      1
347 3.534338e-04      1
348 3.187763e-03      1
349 1.047852e-03      1
350 1.400146e-05      1
351 3.715283e-03      1
352 1.441606e-03      1
353 1.835590e-04      1
354 2.127987e-04      1
355 6.873883e-06      1
356 1.618658e-03      1
357 1.017098e-04      1
358 2.794325e-04      1
359 1.261750e-04      1
360 3.211614e-04      1
361 2.008846e-04      1
362 3.035244e-04      1
363 2.334968e-03      1
364 2.002257e-05      1
365 5.405928e-03      1
366 1.421242e-05      1
367 3.901962e-03      1
368 3.650101e-05      1
369 1.703833e-03      1
370 5.837223e-05      1
371 1.058467e-03      1
372 1.201119e-03      1
373 4.381589e-05      1
374 1.437637e-04      1
375 5.081787e-04      1
376 2.069843e-06      1
377 7.874250e-06      1
378 7.582173e-06      1
379 1.440169e-03      1
380 6.338261e-04      1
381 9.892375e-04      1
382 3.952036e-05      1
383 5.745833e-05      1
384 4.370157e-03      1
385 4.002363e-05      1
386 4.509782e-05      1
387 9.517840e-05      1
388 2.861634e-04      1
389 3.914723e-05      1
390 2.788164e-08      1
391 8.356089e-06      1
392 8.723329e-05      1
393 4.910492e-04      1
394 4.279418e-05      1
395 3.948738e-04      1
396 1.400695e-04      1
397 5.292821e-05      1
398 1.541821e-04      1
399 2.914511e-04      1
400 5.070220e-04      1
401 3.532751e-04      1
402 5.235189e-03      1
403 2.126819e-03      1
404 1.980267e-05      1
405 6.728749e-06      1
406 2.453225e-04      1
407 1.544142e-03      1
408 1.205790e-05      1
409 7.386428e-04      1
410 3.449876e-03      1
411 1.530168e-02      1
412 9.075985e-04      1
413 6.291369e-04      1
414 1.418607e-04      1
415 9.296991e-04      1
416 7.905534e-04      1
417 2.564344e-04      1
418 3.450710e-03      1
419 2.948917e-03      1
420 2.033225e-04      1
421 9.076744e-04      1
422 1.069284e-05      1
423 2.183214e-05      1
424 2.571130e-03      1
425 1.367510e-05      1
426 4.814776e-04      1
427 5.120470e-03      1
428 2.972687e-04      1
429 5.921171e-03      1
430 8.164753e-04      1
431 5.427388e-04      1
432 1.115507e-05      1
433 6.466344e-03      1
434 2.162384e-07      1
435 6.303567e-04      1
436 7.691091e-04      1
437 6.700499e-04      1
438 7.225906e-04      1
439 7.809660e-04      1
440 9.085375e-05      1
441 2.812625e-03      1
442 1.621340e-03      1
443 6.513608e-04      1
444 1.334605e-03      1
445 1.320423e-04      1
446 2.464404e-03      1
447 7.889342e-04      1
448 3.806787e-03      1
449 9.073086e-04      1
450 3.605648e-04      1
451 6.672013e-04      1
452 1.802351e-05      1
453 7.731956e-06      1
454 1.642063e-03      1
455 6.125174e-03      1
456 1.124741e-03      1
457 1.105062e-04      1
458 2.077904e-03      1
459 1.112113e-05      1
460 2.803488e-05      1
461 2.434682e-04      1
462 6.487843e-03      1
463 2.075620e-03      1
464 8.279226e-05      1
465 1.608494e-05      1
466 1.278736e-02      1
467 2.279102e-04      1
468 3.452386e-04      1
469 2.516822e-06      1
470 5.712378e-06      1
471 9.595196e-06      1
472 5.301018e-04      1
473 1.963261e-05      1
474 2.299862e-05      1
475 7.835533e-04      1
476 1.737201e-03      1
477 7.092872e-04      1
478 6.676410e-03      1
479 5.261208e-04      1
480 1.036464e-03      1
481 2.195756e-03      1
482 1.232475e-04      1
483 1.141512e-04      1
484 9.286932e-05      1
485 9.503925e-04      1
486 1.392384e-03      1
487 1.463169e-03      1
488 1.748423e-04      1
489 1.415583e-04      1
490 1.626860e-04      1
491 4.833544e-04      1
492 3.435112e-03      1
493 1.187464e-03      1
494 1.377703e-03      1
495 3.395131e-03      1
496 6.686918e-04      1
497 2.049829e-03      1
498 1.590039e-04      1
499 1.728302e-03      1
500 8.055390e-03      1
501 1.924032e-06      1
502 2.993542e-04      1
503 1.491039e-04      1
504 1.178211e-03      1
505 1.349225e-06      1

$`MR-PRESSO results`$`Distortion Test`
$`MR-PRESSO results`$`Distortion Test`$`Outliers Indices`
[1] "No significant outliers"

$`MR-PRESSO results`$`Distortion Test`$`Distortion Coefficient`
[1] NA

$`MR-PRESSO results`$`Distortion Test`$Pvalue
[1] NA



