SNP	CHROM	POS	REF	ALT	AF	BETA	SE	Z	P	N	TRAIT
rs2072659	1	154548521	C	G	0.09948	-0.030375	0.05205800000000001	-0.583483806523493	0.5596	981708	COVID:_hospitalized_vs._population
rs2084533	3	16872929	C	T	0.3181	0.012198	0.029598000000000003	0.412122	0.6802	1009123	COVID:_hospitalized_vs._population
rs7431710	3	48935583	G	A	0.6682	-0.005381100000000001	0.024638	-0.21840652650377468	0.8271	1005759	COVID:_hospitalized_vs._population
rs11725618	4	67053769	T	C	0.2674	0.0038515999999999997	0.032098	0.11999501526574863	0.9045	1009123	COVID:_hospitalized_vs._population
rs787362	4	67904931	T	A	0.43120000000000003	0.0058356	0.028454000000000004	0.20508891544246852	0.8375	1008510	COVID:_hospitalized_vs._population
rs806798	6	26214473	T	C	0.5177	-0.017204	0.029710000000000004	-0.5790642881184785	0.5625	1008510	COVID:_hospitalized_vs._population
rs73229090	8	27442127	C	A	0.1066	-0.0026214000000000003	0.046439	-0.05644824393290123	0.955	1002554	COVID:_hospitalized_vs._population
rs58379124	8	42579203	T	C	0.7573	0.019126	0.033280000000000004	0.5746995192307692	0.5655	1009123	COVID:_hospitalized_vs._population
rs790564	8	64604218	A	C	0.7382	2.3579e-4	0.031278	0.007538525481168872	0.9940000000000001	1008510	COVID:_hospitalized_vs._population
rs3025383	9	136502369	T	C	0.1903	0.051796	0.034948	1.4820876731143413	0.1383	1009123	COVID:_hospitalized_vs._population
rs7951365	11	16377044	T	C	0.291	-0.0018819000000000004	0.031887	-0.059017781541066905	0.9529	961719	COVID:_hospitalized_vs._population
rs75494138	11	46465361	C	T	0.07043	0.051797	0.048433	1.0694567753391284	0.2849	1012610	COVID:_hospitalized_vs._population
rs7928017	11	113448762	C	A	0.4067	-7.3037e-4	0.023548	-0.03101622218447427	0.9753	1019179	COVID:_hospitalized_vs._population
rs2386571	16	52074123	A	C	0.579	0.027353	0.029144999999999997	0.93851432492708875	0.348	981708	COVID:_hospitalized_vs._population
rs4785587	16	89772619	G	A	0.5644	0.010386	0.029089	0.35704218089312106	0.7211	995703	COVID:_hospitalized_vs._population
rs2424888	20	31047533	G	A	0.4259	0.010055	0.031123	0.32307296854416345	0.7466	700115	COVID:_hospitalized_vs._population
rs2273500	20	61986949	T	C	0.1651	0.014958	0.031896	0.46896162528216706	0.6391	1019179	COVID:_hospitalized_vs._population
rs215600	NA	NA	NA	NA	NA	NA	NA	NA	NA	NA	NA
rs632811	NA	NA	NA	NA	NA	NA	NA	NA	NA	NA	NA
rs8034191	NA	NA	NA	NA	NA	NA	NA	NA	NA	NA	NA
rs895330	NA	NA	NA	NA	NA	NA	NA	NA	NA	NA	NA
rs34406232	NA	NA	NA	NA	NA	NA	NA	NA	NA	NA	NA
rs56113850	NA	NA	NA	NA	NA	NA	NA	NA	NA	NA	NA
