$`Main MR results`
       Exposure       MR Analysis Causal Estimate         Sd     T-stat
1 beta.exposure               Raw     -0.05726184 0.05754547 -0.9950711
2 beta.exposure Outlier-corrected     -0.07943083 0.04781497 -1.6612127
    P-value
1 0.3225260
2 0.1004438

$`MR-PRESSO results`
$`MR-PRESSO results`$`Global Test`
$`MR-PRESSO results`$`Global Test`$RSSobs
[1] 137.3319

$`MR-PRESSO results`$`Global Test`$Pvalue
[1] 5e-04


$`MR-PRESSO results`$`Outlier Test`
         RSSobs  Pvalue
1  2.347204e-04       1
2  2.006503e-04       1
3  1.088610e-05       1
4  6.485887e-04       1
5  1.132236e-03       1
6  5.046853e-04       1
7  1.411955e-03       1
8  6.274617e-03       1
9  3.638318e-03       1
10 1.612165e-03       1
11 2.029323e-04       1
12 5.673444e-06       1
13 5.078838e-05       1
14 7.955623e-04       1
15 1.157644e-07       1
16 4.685162e-04       1
17 1.531864e-05       1
18 5.635809e-05       1
19 9.847501e-05       1
20 2.313042e-03       1
21 5.919670e-05       1
22 1.206813e-03       1
23 7.455131e-08       1
24 5.638738e-05       1
25 8.980797e-04       1
26 2.871737e-07       1
27 2.140899e-04       1
28 2.119563e-04       1
29 3.124418e-04       1
30 4.353274e-04       1
31 1.251411e-03       1
32 1.531989e-04       1
33 1.123551e-04       1
34 5.328132e-04       1
35 9.885271e-05       1
36 7.539322e-05       1
37 3.648478e-04       1
38 2.131613e-04       1
39 2.303339e-04       1
40 1.098938e-04       1
41 1.682704e-04       1
42 4.150023e-04       1
43 4.515370e-03  0.0344
44 4.619567e-04       1
45 9.159315e-04       1
46 1.078974e-04       1
47 5.585679e-04       1
48 3.139066e-03  0.9116
49 1.814230e-05       1
50 1.609388e-03       1
51 4.188036e-04       1
52 3.150862e-05       1
53 2.448017e-04       1
54 1.784094e-03       1
55 1.041037e-05       1
56 2.493078e-03       1
57 1.983548e-04       1
58 2.365687e-03       1
59 1.831451e-02 <0.0086
60 1.367757e-04       1
61 1.360492e-06       1
62 3.745198e-04       1
63 4.557239e-04       1
64 9.561868e-06       1
65 1.629580e-03       1
66 1.506364e-07       1
67 5.783785e-04       1
68 1.411075e-04       1
69 8.699723e-05       1
70 1.378266e-04       1
71 5.334403e-05       1
72 2.061326e-03       1
73 2.754301e-03       1
74 1.393824e-05       1
75 7.864733e-03       1
76 5.321718e-04       1
77 7.465879e-04       1
78 3.392071e-05       1
79 8.937207e-04       1
80 6.436778e-04       1
81 5.395986e-05       1
82 4.980108e-04       1
83 1.886775e-03       1
84 1.709291e-03       1
85 1.194736e-03       1
86 2.793838e-03       1

$`MR-PRESSO results`$`Distortion Test`
$`MR-PRESSO results`$`Distortion Test`$`Outliers Indices`
[1] 43 59

$`MR-PRESSO results`$`Distortion Test`$`Distortion Coefficient`
beta.exposure 
     27.90981 

$`MR-PRESSO results`$`Distortion Test`$Pvalue
[1] 0.7004



