$`Main MR results`
       Exposure       MR Analysis Causal Estimate         Sd     T-stat
1 beta.exposure               Raw     -0.01560557 0.01667047 -0.9361204
2 beta.exposure Outlier-corrected              NA         NA         NA
    P-value
1 0.3521006
2        NA

$`MR-PRESSO results`
$`MR-PRESSO results`$`Global Test`
$`MR-PRESSO results`$`Global Test`$RSSobs
[1] 103.7438

$`MR-PRESSO results`$`Global Test`$Pvalue
[1] 0.0419


$`MR-PRESSO results`$`Outlier Test`
         RSSobs Pvalue
1  7.451798e-05      1
2  1.172008e-05      1
3  2.515700e-04      1
4  3.136066e-05      1
5  1.010006e-04      1
6  2.597145e-05      1
7  2.197214e-04      1
8  4.108737e-04      1
9  2.186859e-07      1
10 7.838215e-05      1
11 1.283135e-05      1
12 8.090821e-07      1
13 1.347092e-05      1
14 1.257782e-04      1
15 4.923202e-05      1
16 1.430039e-04      1
17 1.370865e-05      1
18 8.223582e-05      1
19 6.763836e-04      1
20 1.277799e-05      1
21 8.681310e-06      1
22 2.560820e-04      1
23 1.458883e-05      1
24 1.676749e-04      1
25 1.749677e-06      1
26 2.032674e-04      1
27 1.210689e-04      1
28 7.696659e-04      1
29 2.824653e-04      1
30 1.591912e-04      1
31 1.196431e-04      1
32 8.949291e-05      1
33 9.733532e-05      1
34 1.336591e-04      1
35 5.577940e-05      1
36 5.717028e-05      1
37 5.319861e-05      1
38 2.945315e-05      1
39 1.499899e-05      1
40 2.248454e-05      1
41 2.514919e-04      1
42 2.341729e-04      1
43 3.201625e-04      1
44 7.489778e-05      1
45 9.131171e-06      1
46 1.865709e-04      1
47 1.271176e-05      1
48 2.325334e-04      1
49 1.339699e-08      1
50 6.891342e-05      1
51 1.257559e-04      1
52 7.964791e-05      1
53 8.211998e-05      1
54 1.796334e-04      1
55 1.006837e-03 0.0711
56 1.897950e-04      1
57 2.310692e-04      1
58 3.171692e-04      1
59 1.021897e-05      1
60 5.756172e-07      1
61 7.144511e-05      1
62 4.797124e-05      1
63 2.540204e-06      1
64 5.519371e-04      1
65 3.139320e-04      1
66 3.559761e-04      1
67 6.294633e-04      1
68 2.678213e-04      1
69 5.233891e-05      1
70 8.346321e-05      1
71 6.644763e-05      1
72 2.436601e-04      1
73 9.773945e-04      1
74 2.201866e-05      1
75 4.622945e-06      1
76 4.566035e-05      1
77 6.911073e-05      1
78 9.443218e-10      1
79 1.570520e-04      1

$`MR-PRESSO results`$`Distortion Test`
$`MR-PRESSO results`$`Distortion Test`$`Outliers Indices`
[1] "No significant outliers"

$`MR-PRESSO results`$`Distortion Test`$`Distortion Coefficient`
[1] NA

$`MR-PRESSO results`$`Distortion Test`$Pvalue
[1] NA



