$`Main MR results`
       Exposure       MR Analysis Causal Estimate         Sd     T-stat
1 beta.exposure               Raw     -0.02979953 0.03248269 -0.9173972
2 beta.exposure Outlier-corrected              NA         NA         NA
    P-value
1 0.3615611
2        NA

$`MR-PRESSO results`
$`MR-PRESSO results`$`Global Test`
$`MR-PRESSO results`$`Global Test`$RSSobs
[1] 139.5329

$`MR-PRESSO results`$`Global Test`$Pvalue
[1] 3e-04


$`MR-PRESSO results`$`Outlier Test`
         RSSobs Pvalue
1  2.963151e-04      1
2  1.466818e-04      1
3  1.510950e-06      1
4  8.646866e-05      1
5  4.209695e-05      1
6  1.025592e-06      1
7  1.100716e-03      1
8  7.954475e-04      1
9  1.522282e-03  0.952
10 4.200644e-04      1
11 3.127892e-04      1
12 1.987730e-03      1
13 2.956475e-04      1
14 3.365146e-06      1
15 4.412580e-03      1
16 1.029112e-04      1
17 1.218964e-05      1
18 6.272685e-04      1
19 6.173018e-03      1
20 6.571463e-04      1
21 9.650730e-04      1
22 2.099047e-03      1
23 4.932750e-05      1
24 1.944138e-04      1
25 9.293429e-05      1
26 7.299660e-04      1
27 5.546987e-05      1
28 1.526970e-04      1
29 2.860176e-05      1
30 2.997441e-04      1
31 2.094849e-04      1
32 3.979383e-04      1
33 1.876436e-04      1
34 2.972272e-04      1
35 3.872591e-03      1
36 3.075895e-05      1
37 1.621054e-04      1
38 4.964023e-04      1
39 2.961614e-05      1
40 3.105465e-05      1
41 4.483892e-06      1
42 1.787902e-08      1
43 1.666307e-03      1
44 2.290172e-04      1
45 1.168393e-03      1
46 3.496299e-04      1
47 7.522354e-05      1
48 1.681319e-04      1
49 4.908451e-06      1
50 1.613716e-03  0.187
51 9.769962e-05      1
52 6.968794e-04      1
53 3.699651e-06      1
54 9.460301e-05      1
55 9.672735e-04      1
56 7.457920e-05      1
57 1.102680e-04      1
58 2.651183e-05      1
59 5.577367e-05      1
60 4.889086e-05      1
61 7.624096e-04      1
62 8.854290e-04      1
63 5.140214e-04      1
64 1.099239e-04      1
65 2.406961e-04      1
66 3.013353e-05      1
67 1.082583e-04      1
68 3.777169e-04      1
69 2.576214e-07      1
70 6.772763e-06      1
71 2.622098e-04      1
72 4.038589e-04      1
73 2.213530e-05      1
74 5.867766e-04      1
75 7.086250e-05      1
76 1.179746e-05      1
77 6.608568e-04      1
78 4.622104e-04      1
79 4.036259e-04      1
80 1.763742e-03   0.17
81 1.223609e-05      1
82 2.128868e-04      1
83 2.733845e-04      1
84 4.828128e-05      1
85 1.981105e-03 0.0935

$`MR-PRESSO results`$`Distortion Test`
$`MR-PRESSO results`$`Distortion Test`$`Outliers Indices`
[1] "No significant outliers"

$`MR-PRESSO results`$`Distortion Test`$`Distortion Coefficient`
[1] NA

$`MR-PRESSO results`$`Distortion Test`$Pvalue
[1] NA



