$`Main MR results`
       Exposure       MR Analysis Causal Estimate        Sd     T-stat
1 beta.exposure               Raw     -0.04672346 0.0612742 -0.7625308
2 beta.exposure Outlier-corrected              NA        NA         NA
    P-value
1 0.4478297
2        NA

$`MR-PRESSO results`
$`MR-PRESSO results`$`Global Test`
$`MR-PRESSO results`$`Global Test`$RSSobs
[1] 119.9854

$`MR-PRESSO results`$`Global Test`$Pvalue
[1] 0.0158


$`MR-PRESSO results`$`Outlier Test`
         RSSobs Pvalue
1  6.329994e-03 0.7656
2  1.456658e-03      1
3  4.623029e-04      1
4  1.318139e-03      1
5  6.832154e-04      1
6  7.449252e-05      1
7  2.695699e-04      1
8  1.959254e-04      1
9  1.005010e-03      1
10 5.495423e-04      1
11 3.124315e-03      1
12 2.912648e-04      1
13 3.506352e-03 0.6612
14 7.698612e-06      1
15 3.213784e-03      1
16 4.677245e-03      1
17 4.805342e-05      1
18 1.372359e-02 0.3132
19 6.281388e-04      1
20 5.877804e-04      1
21 7.382422e-04      1
22 6.630062e-03      1
23 1.230542e-03      1
24 1.129696e-04      1
25 6.794467e-04      1
26 1.696968e-03      1
27 7.086423e-04      1
28 7.848309e-05      1
29 1.541345e-04      1
30 3.262045e-06      1
31 2.061675e-05      1
32 1.703793e-07      1
33 1.860439e-04      1
34 1.712080e-03      1
35 6.577482e-04      1
36 2.650019e-05      1
37 7.702209e-04      1
38 5.918378e-04      1
39 3.008460e-04      1
40 1.124305e-04      1
41 1.999168e-03      1
42 5.706538e-05      1
43 3.852178e-08      1
44 9.139145e-05      1
45 8.134225e-04      1
46 8.750197e-06      1
47 3.733222e-05      1
48 3.436834e-04      1
49 4.660604e-04      1
50 3.252864e-04      1
51 6.577018e-04      1
52 2.874701e-04      1
53 1.011995e-04      1
54 6.345674e-04      1
55 2.517126e-04      1
56 3.021021e-04      1
57 4.051513e-03      1
58 6.745243e-04      1
59 3.105649e-03      1
60 1.280262e-04      1
61 5.846968e-05      1
62 1.705086e-03      1
63 1.361991e-04      1
64 2.692003e-03      1
65 1.275113e-05      1
66 5.847814e-04      1
67 7.881822e-04      1
68 6.598563e-06      1
69 1.305187e-04      1
70 3.834363e-04      1
71 1.477612e-03      1
72 1.111258e-03      1
73 7.516681e-04      1
74 7.251887e-06      1
75 3.838673e-04      1
76 3.637385e-06      1
77 3.250486e-04      1
78 1.713587e-04      1
79 3.645578e-04      1
80 3.016149e-03      1
81 1.210773e-04      1
82 4.603758e-03      1
83 1.934845e-04      1
84 1.217423e-04      1
85 1.249940e-04      1
86 1.056917e-03      1
87 4.589846e-05      1

$`MR-PRESSO results`$`Distortion Test`
$`MR-PRESSO results`$`Distortion Test`$`Outliers Indices`
[1] "No significant outliers"

$`MR-PRESSO results`$`Distortion Test`$`Distortion Coefficient`
[1] NA

$`MR-PRESSO results`$`Distortion Test`$Pvalue
[1] NA



