$`Main MR results`
       Exposure       MR Analysis Causal Estimate          Sd     T-stat
1 beta.exposure               Raw     0.004008199 0.018143624  0.2209150
2 beta.exposure Outlier-corrected    -0.009181440 0.009619465 -0.9544647
    P-value
1 0.8257433
2 0.3429147

$`MR-PRESSO results`
$`MR-PRESSO results`$`Global Test`
$`MR-PRESSO results`$`Global Test`$RSSobs
[1] 293.7678

$`MR-PRESSO results`$`Global Test`$Pvalue
[1] "<1e-04"


$`MR-PRESSO results`$`Outlier Test`
         RSSobs  Pvalue
1  9.682341e-06       1
2  3.354277e-05       1
3  4.594881e-06       1
4  1.360773e-04       1
5  4.573283e-07       1
6  3.493661e-04  0.4524
7  7.410267e-05       1
8  1.928581e-05       1
9  6.470254e-04       1
10 3.338551e-05       1
11 4.839290e-06       1
12 2.091891e-04       1
13 4.344861e-07       1
14 2.059487e-05       1
15 3.328032e-05       1
16 2.410665e-06       1
17 9.584701e-07       1
18 4.114116e-05       1
19 8.957690e-08       1
20 1.656502e-04       1
21 2.963603e-06       1
22 5.285216e-06       1
23 4.212266e-06       1
24 4.859977e-05       1
25 7.060626e-05       1
26 6.864546e-07       1
27 1.256264e-04       1
28 2.476092e-06       1
29 1.833614e-06       1
30 5.756632e-06       1
31 2.685562e-05       1
32 2.441652e-07       1
33 3.640269e-06       1
34 2.757022e-05       1
35 2.024994e-05       1
36 2.681636e-06       1
37 5.330125e-05       1
38 7.042446e-07       1
39 5.559154e-05       1
40 1.012986e-04       1
41 2.442387e-05       1
42 1.694715e-05       1
43 4.865630e-06       1
44 7.536866e-05       1
45 1.204876e-05       1
46 5.736336e-05       1
47 1.010506e-05       1
48 1.522716e-05       1
49 6.174902e-07       1
50 2.197375e-05       1
51 6.311300e-06       1
52 6.314704e-05       1
53 6.468414e-05       1
54 5.232116e-09       1
55 2.069529e-05       1
56 4.946505e-03 <0.0078
57 6.322853e-05       1
58 1.119096e-05       1
59 6.176936e-06       1
60 2.462469e-06       1
61 4.638657e-05       1
62 4.810545e-05       1
63 1.523190e-07       1
64 4.398687e-04 <0.0078
65 7.046104e-06       1
66 4.289205e-06       1
67 5.004759e-05       1
68 7.556118e-05       1
69 3.546228e-07       1
70 2.288211e-05       1
71 2.959515e-05       1
72 2.654329e-04       1
73 5.520786e-05       1
74 1.113387e-04       1
75 1.796605e-05       1
76 2.385368e-05       1
77 1.002492e-05       1
78 6.287306e-06       1

$`MR-PRESSO results`$`Distortion Test`
$`MR-PRESSO results`$`Distortion Test`$`Outliers Indices`
[1] 56 64

$`MR-PRESSO results`$`Distortion Test`$`Distortion Coefficient`
beta.exposure 
     143.6555 

$`MR-PRESSO results`$`Distortion Test`$Pvalue
[1] 0.3319



