SNP	CHROM	POS	REF	ALT	AF	BETA	SE	Z	P	N	TRAIT
rs12630663	3	28007315	T	C	0.4075	-0.0094832	0.013816	-0.6863925883034163	0.4925	1352463	covid_vs._population
rs34464850	3	141721762	G	C	0.162	-0.022451	0.019677	-1.1409767749148751	0.2539	1353398	covid_vs._population
rs386424	5	81092787	T	G	0.3126	0.0055747	0.014777	0.37725519388238477	0.706	1361855	covid_vs._population
rs7715167	5	170778824	T	C	0.6078	0.0109	0.015908000000000002	0.6851898415891374	0.4932	1305566	covid_vs._population
rs2802295	6	108926496	A	G	0.6029	0.015847	0.014483000000000001	1.0941793827245736	0.2739	1339339	covid_vs._population
rs11759026	6	126792095	A	G	0.2391	-9.9466e-5	0.017337	-0.005737209436465362	0.9954	1340283	covid_vs._population
rs2301718	NA	NA	NA	NA	NA	NA	NA	NA	NA	NA	NA
rs12357321	NA	NA	NA	NA	NA	NA	NA	NA	NA	NA	NA
rs1628768	NA	NA	NA	NA	NA	NA	NA	NA	NA	NA	NA
rs10876864	NA	NA	NA	NA	NA	NA	NA	NA	NA	NA	NA
rs10878349	NA	NA	NA	NA	NA	NA	NA	NA	NA	NA	NA
rs79600142	NA	NA	NA	NA	NA	NA	NA	NA	NA	NA	NA
