$`Main MR results`
       Exposure       MR Analysis Causal Estimate         Sd    T-stat
1 beta.exposure               Raw      0.06827436 0.05638959 1.2107618
2 beta.exposure Outlier-corrected      0.04205539 0.05163452 0.8144822
    P-value
1 0.2296899
2 0.4179136

$`MR-PRESSO results`
$`MR-PRESSO results`$`Global Test`
$`MR-PRESSO results`$`Global Test`$RSSobs
[1] 116.5939

$`MR-PRESSO results`$`Global Test`$Pvalue
[1] 0.0048


$`MR-PRESSO results`$`Outlier Test`
         RSSobs  Pvalue
1  1.064477e-04       1
2  1.084586e-03       1
3  1.867858e-03       1
4  1.748836e-03       1
5  6.462945e-04       1
6  2.210983e-04       1
7  1.539412e-03       1
8  1.802063e-06       1
9  7.837460e-05       1
10 2.570786e-03       1
11 1.296030e-04       1
12 5.842231e-05       1
13 1.344777e-02  0.2808
14 1.428788e-04       1
15 1.742462e-03       1
16 2.350925e-04       1
17 8.391914e-05       1
18 3.939495e-04       1
19 6.747390e-05       1
20 2.798442e-03       1
21 5.128594e-03       1
22 2.574071e-05       1
23 7.988421e-04       1
24 2.984381e-03       1
25 2.583958e-03       1
26 9.482064e-05       1
27 1.424896e-03       1
28 2.890248e-04       1
29 1.205080e-03       1
30 3.448581e-03       1
31 6.319378e-03       1
32 3.246323e-04       1
33 7.539840e-04       1
34 2.590221e-04       1
35 1.416973e-04       1
36 2.831385e-04       1
37 7.735181e-07       1
38 2.052448e-05       1
39 8.886190e-06       1
40 5.627881e-04       1
41 9.783820e-04       1
42 9.253261e-06       1
43 1.034988e-02       1
44 6.692492e-04       1
45 1.136916e-03       1
46 3.235131e-04       1
47 5.313222e-07       1
48 1.007131e-06       1
49 1.814299e-03       1
50 2.908804e-04       1
51 2.647280e-03  0.9438
52 5.495664e-03  0.8424
53 9.540812e-04       1
54 6.275359e-04       1
55 3.329166e-05       1
56 1.357535e-02 <0.0078
57 2.066577e-04       1
58 7.312671e-06       1
59 9.971252e-04       1
60 1.031087e-03       1
61 8.108551e-05       1
62 3.667567e-05       1
63 6.610271e-04       1
64 3.743935e-03   0.234
65 1.255445e-04       1
66 1.360279e-04       1
67 6.276762e-04       1
68 1.152696e-03       1
69 6.198979e-05       1
70 1.010772e-03       1
71 2.244187e-04       1
72 1.015258e-02       1
73 1.278800e-03       1
74 1.340153e-03       1
75 4.441328e-04       1
76 1.013183e-04       1
77 4.703453e-05       1
78 3.086805e-04       1

$`MR-PRESSO results`$`Distortion Test`
$`MR-PRESSO results`$`Distortion Test`$`Outliers Indices`
[1] 56

$`MR-PRESSO results`$`Distortion Test`$`Distortion Coefficient`
beta.exposure 
     62.34389 

$`MR-PRESSO results`$`Distortion Test`$Pvalue
[1] 0.2514



