$`Main MR results`
       Exposure       MR Analysis Causal Estimate         Sd     T-stat
1 beta.exposure               Raw     -0.04719546 0.05478057 -0.8615364
2 beta.exposure Outlier-corrected     -0.07445743 0.05017688 -1.4838990
    P-value
1 0.3913666
2 0.1415784

$`MR-PRESSO results`
$`MR-PRESSO results`$`Global Test`
$`MR-PRESSO results`$`Global Test`$RSSobs
[1] 112.9386

$`MR-PRESSO results`$`Global Test`$Pvalue
[1] 0.035


$`MR-PRESSO results`$`Outlier Test`
         RSSobs  Pvalue
1  7.607489e-04       1
2  5.382411e-05       1
3  4.695325e-04       1
4  1.581668e-04       1
5  9.627632e-11       1
6  1.567630e-04       1
7  1.826641e-03       1
8  2.208530e-03       1
9  5.306905e-04       1
10 2.085812e-07       1
11 2.747174e-02       1
12 4.582623e-05       1
13 4.897522e-06       1
14 4.118112e-04       1
15 4.433577e-04       1
16 4.118085e-03       1
17 3.195303e-04       1
18 4.395784e-04       1
19 1.714102e-04       1
20 1.764944e-05       1
21 1.819126e-04       1
22 1.536339e-03       1
23 1.185035e-03       1
24 1.127533e-03       1
25 2.624063e-04       1
26 1.054816e-03       1
27 2.936629e-04       1
28 3.912267e-05       1
29 3.428903e-04       1
30 3.326241e-04       1
31 1.304756e-06       1
32 1.272634e-03       1
33 1.924375e-04       1
34 1.140357e-03       1
35 1.267841e-03       1
36 2.796636e-05       1
37 5.425922e-04       1
38 2.643854e-03       1
39 2.969976e-05       1
40 2.411905e-04       1
41 1.029050e-03       1
42 5.502046e-04       1
43 3.310652e-03  0.4816
44 5.070075e-03       1
45 2.985665e-03       1
46 7.329639e-04       1
47 4.305369e-04       1
48 4.436551e-04       1
49 1.273714e-03       1
50 3.999163e-03       1
51 1.606354e-06       1
52 1.808968e-04       1
53 6.914146e-04       1
54 1.054721e-03       1
55 1.984908e-04       1
56 7.928586e-03  0.1204
57 1.828031e-04       1
58 2.078436e-04       1
59 1.173460e-02 <0.0086
60 2.069110e-05       1
61 9.356084e-07       1
62 1.664805e-04       1
63 1.628679e-04       1
64 3.295574e-04       1
65 4.684731e-05       1
66 3.060297e-04       1
67 1.471461e-03       1
68 2.185348e-04       1
69 2.289773e-03       1
70 1.245345e-03       1
71 3.810358e-05       1
72 1.020868e-04       1
73 8.864900e-04       1
74 1.512400e-04       1
75 1.375889e-03       1
76 8.362298e-06       1
77 1.788324e-03       1
78 3.299392e-05       1
79 8.360955e-04       1
80 1.421502e-03       1
81 2.171025e-04       1
82 3.400499e-06       1
83 8.336868e-05       1
84 2.520379e-05       1
85 3.991802e-04       1
86 2.006183e-03       1

$`MR-PRESSO results`$`Distortion Test`
$`MR-PRESSO results`$`Distortion Test`$`Outliers Indices`
[1] 59

$`MR-PRESSO results`$`Distortion Test`$`Distortion Coefficient`
beta.exposure 
     36.61417 

$`MR-PRESSO results`$`Distortion Test`$Pvalue
[1] 0.5895



