$`Main MR results`
       Exposure       MR Analysis Causal Estimate        Sd    T-stat
1 beta.exposure               Raw      -0.7621346 0.3180499 -2.396273
2 beta.exposure Outlier-corrected      -0.9134426 0.2999868 -3.044943
      P-value
1 0.019238241
2 0.003293447

$`MR-PRESSO results`
$`MR-PRESSO results`$`Global Test`
$`MR-PRESSO results`$`Global Test`$RSSobs
[1] 95.45115

$`MR-PRESSO results`$`Global Test`$Pvalue
[1] 0.0363


$`MR-PRESSO results`$`Outlier Test`
         RSSobs Pvalue
1  4.783460e-03      1
2  6.720552e-04      1
3  1.332702e-03      1
4  1.679730e-03      1
5  1.387841e-02      1
6  1.394718e-03      1
7  6.556794e-05      1
8  5.190302e-03      1
9  2.226598e-04      1
10 3.056941e-03      1
11 4.275067e-04      1
12 6.766276e-03      1
13 7.183198e-06      1
14 1.086911e-02      1
15 1.302055e-02      1
16 5.359403e-04      1
17 2.832535e-03      1
18 2.595617e-03      1
19 1.011104e-03      1
20 1.948850e-03      1
21 6.237786e-03  0.994
22 1.225072e-04      1
23 2.310024e-04      1
24 7.326041e-03      1
25 4.479804e-04      1
26 1.594195e-06      1
27 2.037387e-03      1
28 2.500399e-03      1
29 1.521428e-03      1
30 2.610214e-04      1
31 7.882812e-04      1
32 7.395912e-04      1
33 9.116802e-05      1
34 2.544289e-03      1
35 9.214805e-04      1
36 3.816914e-03      1
37 5.688254e-04      1
38 3.763709e-03      1
39 5.896710e-04      1
40 7.581051e-04      1
41 6.872299e-03      1
42 7.573952e-04      1
43 4.855218e-04      1
44 2.298911e-03      1
45 1.371662e-03      1
46 1.461927e-03      1
47 1.171839e-04      1
48 2.916413e-04      1
49 6.314081e-03      1
50 7.966648e-04      1
51 4.195049e-03      1
52 1.133495e-05      1
53 1.836668e-03      1
54 2.031059e-04      1
55 4.333288e-03      1
56 4.490775e-03      1
57 5.596606e-05      1
58 8.134020e-03      1
59 2.483167e-04      1
60 2.374281e-03      1
61 1.344638e-02 0.0213
62 1.197669e-04      1
63 1.255952e-03      1
64 4.685895e-03      1
65 1.417637e-04      1
66 9.908652e-05      1
67 5.682226e-04      1
68 2.182474e-05      1
69 2.040538e-03      1
70 2.526842e-03      1
71 8.531237e-04      1

$`MR-PRESSO results`$`Distortion Test`
$`MR-PRESSO results`$`Distortion Test`$`Outliers Indices`
[1] 61

$`MR-PRESSO results`$`Distortion Test`$`Distortion Coefficient`
beta.exposure 
     16.56459 

$`MR-PRESSO results`$`Distortion Test`$Pvalue
[1] 0.6728



