$`Main MR results`
       Exposure       MR Analysis Causal Estimate         Sd     T-stat
1 beta.exposure               Raw    -0.007365206 0.03137899 -0.2347178
2 beta.exposure Outlier-corrected     0.007961925 0.02053129  0.3877947
    P-value
1 0.8148764
2 0.6989456

$`MR-PRESSO results`
$`MR-PRESSO results`$`Global Test`
$`MR-PRESSO results`$`Global Test`$RSSobs
[1] 328.113

$`MR-PRESSO results`$`Global Test`$Pvalue
[1] "<1e-04"


$`MR-PRESSO results`$`Outlier Test`
          RSSobs  Pvalue
1   1.112599e-05       1
2   8.085016e-05       1
3   2.278664e-05       1
4   1.797926e-04       1
5   8.325619e-06       1
6   2.550187e-05       1
7   6.108009e-05       1
8   4.502536e-05       1
9   3.492096e-06       1
10  2.443963e-05       1
11  1.331702e-05       1
12  6.620682e-06       1
13  3.906217e-06       1
14  7.850988e-05       1
15  2.258510e-04       1
16  2.574783e-05       1
17  8.595622e-05       1
18  3.109921e-05       1
19  4.167993e-04       1
20  1.961154e-06       1
21  1.077919e-04       1
22  8.832433e-05       1
23  6.104443e-05       1
24  6.431724e-07       1
25  1.425321e-05       1
26  7.787795e-06       1
27  1.398347e-05       1
28  6.376289e-09       1
29  7.626567e-06       1
30  1.312663e-04       1
31  3.890327e-05       1
32  4.127872e-06       1
33  3.390269e-06       1
34  4.723604e-06       1
35  4.240773e-05       1
36  1.140004e-06       1
37  1.897289e-06       1
38  1.635840e-05       1
39  5.822702e-06       1
40  1.178463e-04       1
41  4.164720e-08       1
42  6.053573e-05       1
43  9.444957e-05       1
44  1.455216e-05       1
45  2.954128e-04       1
46  1.453333e-04       1
47  4.408652e-05       1
48  1.430435e-05       1
49  1.723409e-05       1
50  7.193636e-06       1
51  4.980090e-05       1
52  1.396659e-06       1
53  7.863896e-05       1
54  2.428355e-06       1
55  2.122999e-05       1
56  2.554842e-04       1
57  1.404979e-05       1
58  3.310237e-05       1
59  2.837289e-06       1
60  8.205293e-05       1
61  5.455679e-03 <0.0108
62  1.530362e-05       1
63  8.221153e-05       1
64  2.990509e-06       1
65  4.069993e-04       1
66  1.823256e-05       1
67  1.022917e-04       1
68  1.778646e-07       1
69  4.076535e-05       1
70  4.678921e-05       1
71  7.421379e-04  0.5292
72  8.052725e-07       1
73  3.296270e-05       1
74  4.429050e-05       1
75  2.396243e-06       1
76  2.618159e-05       1
77  5.985759e-05       1
78  5.463937e-06       1
79  5.126959e-06       1
80  8.902459e-06       1
81  3.832710e-07       1
82  1.913819e-04       1
83  4.580975e-05       1
84  2.527467e-06       1
85  1.383241e-06       1
86  8.134518e-09       1
87  2.149521e-04  0.3132
88  8.708792e-06       1
89  9.310351e-06       1
90  3.584367e-04  0.0972
91  2.957199e-05       1
92  1.222090e-06       1
93  9.578162e-05       1
94  3.777869e-06       1
95  8.730196e-06       1
96  1.303117e-07       1
97  7.572958e-05       1
98  4.547198e-05       1
99  5.036374e-05       1
100 1.320650e-04       1
101 1.227007e-06       1
102 1.379428e-06       1
103 4.007696e-05       1
104 4.817307e-10       1
105 9.621511e-06       1
106 1.277237e-07       1
107 2.355513e-05       1
108 2.818386e-06       1

$`MR-PRESSO results`$`Distortion Test`
$`MR-PRESSO results`$`Distortion Test`$`Outliers Indices`
[1] 61

$`MR-PRESSO results`$`Distortion Test`$`Distortion Coefficient`
beta.exposure 
    -192.5054 

$`MR-PRESSO results`$`Distortion Test`$Pvalue
[1] 0.213



