$`Main MR results`
       Exposure       MR Analysis Causal Estimate         Sd   T-stat   P-value
1 beta.exposure               Raw      0.07475395 0.05906314 1.265662 0.2064482
2 beta.exposure Outlier-corrected              NA         NA       NA        NA

$`MR-PRESSO results`
$`MR-PRESSO results`$`Global Test`
$`MR-PRESSO results`$`Global Test`$RSSobs
[1] 422.2598

$`MR-PRESSO results`$`Global Test`$Pvalue
[1] 0.01812


$`MR-PRESSO results`$`Outlier Test`
          RSSobs Pvalue
1   1.425031e-04      1
2   3.488773e-04      1
3   1.907492e-04      1
4   1.692949e-07      1
5   4.161906e-04      1
6   3.588284e-04      1
7   2.203165e-03      1
8   4.715433e-03      1
9   1.813526e-03      1
10  2.192919e-04      1
11  5.943956e-03      1
12  3.765860e-05      1
13  5.182535e-03      1
14  8.411317e-05      1
15  8.339666e-03      1
16  1.273578e-03      1
17  1.412114e-04      1
18  1.939550e-05      1
19  8.025754e-04      1
20  5.892339e-05      1
21  5.109918e-04      1
22  4.645631e-04      1
23  6.935740e-04      1
24  1.480097e-03      1
25  1.101210e-04      1
26  5.983240e-06      1
27  1.945537e-04      1
28  1.962314e-03      1
29  7.669617e-04      1
30  2.062358e-05      1
31  2.361821e-04      1
32  6.595831e-04      1
33  1.828184e-03      1
34  1.949145e-03      1
35  4.377732e-04      1
36  1.405490e-03      1
37  1.438474e-03      1
38  1.992156e-03      1
39  7.402447e-04      1
40  1.192930e-05      1
41  1.896289e-06      1
42  2.058140e-03      1
43  1.065178e-03      1
44  2.697891e-03      1
45  1.595523e-04      1
46  4.265686e-03      1
47  2.437179e-03      1
48  2.508603e-03      1
49  1.979009e-04      1
50  1.563092e-04      1
51  8.244839e-04      1
52  1.526321e-03      1
53  4.083433e-05      1
54  1.436046e-03      1
55  1.080465e-04      1
56  6.877532e-04      1
57  2.661804e-04      1
58  3.678662e-05      1
59  4.671764e-03      1
60  1.456394e-04      1
61  1.131658e-03      1
62  3.002695e-03      1
63  2.400173e-03      1
64  3.367450e-03      1
65  1.143076e-03      1
66  9.246327e-05      1
67  4.788845e-03      1
68  1.647753e-04      1
69  5.858143e-03      1
70  7.271898e-05      1
71  4.095541e-04      1
72  1.313998e-03      1
73  8.041343e-05      1
74  9.059783e-04      1
75  2.065543e-04      1
76  2.394874e-03      1
77  1.893654e-02      1
78  3.621083e-04      1
79  1.057462e-03      1
80  9.063559e-04      1
81  1.832810e-03      1
82  4.788898e-04      1
83  2.194450e-03      1
84  9.791885e-04      1
85  2.541007e-04      1
86  5.954898e-06      1
87  6.953753e-06      1
88  2.881968e-03      1
89  3.673044e-03      1
90  8.310863e-04      1
91  6.269916e-04      1
92  7.000489e-08      1
93  5.482776e-04      1
94  3.774006e-03      1
95  4.490154e-05      1
96  6.596474e-04      1
97  1.287369e-05      1
98  2.438795e-05      1
99  1.189266e-04      1
100 2.090155e-03      1
101 1.095688e-03      1
102 3.016827e-03      1
103 7.786542e-03      1
104 7.901610e-05      1
105 6.920146e-05      1
106 1.757074e-05      1
107 3.801475e-05      1
108 1.652430e-03      1
109 2.904120e-02      1
110 1.180649e-02      1
111 1.170954e-06      1
112 1.589092e-04      1
113 7.175409e-04      1
114 6.365779e-03      1
115 5.018147e-03      1
116 3.387808e-05      1
117 6.916673e-05      1
118 3.984462e-03      1
119 1.767146e-03      1
120 3.916294e-03      1
121 1.332366e-03      1
122 2.079049e-04      1
123 9.419422e-03      1
124 5.185369e-03      1
125 2.723538e-04      1
126 3.332429e-03      1
127 1.017893e-02      1
128 6.609762e-04      1
129 1.298396e-05      1
130 5.199428e-05      1
131 9.833524e-03      1
132 8.622911e-06      1
133 2.035822e-05      1
134 1.013914e-06      1
135 9.393131e-04      1
136 1.332629e-03      1
137 3.248661e-04      1
138 2.128101e-05      1
139 8.967456e-04      1
140 2.114237e-04      1
141 3.140362e-05      1
142 4.683639e-03      1
143 1.317243e-03      1
144 1.618634e-03      1
145 3.186766e-03      1
146 4.404178e-04      1
147 2.940681e-04      1
148 2.099009e-03      1
149 1.088308e-03      1
150 1.154598e-03      1
151 5.814670e-03      1
152 5.958797e-04      1
153 1.317907e-03      1
154 4.909657e-04      1
155 1.709685e-04      1
156 8.087312e-04      1
157 9.143471e-05      1
158 1.968650e-04      1
159 4.296030e-05      1
160 3.133776e-03      1
161 7.356506e-04      1
162 2.780349e-05      1
163 6.861455e-04      1
164 8.564279e-05      1
165 6.013050e-03      1
166 1.308043e-04      1
167 5.324930e-04      1
168 1.563508e-05      1
169 4.878497e-03      1
170 1.886588e-03      1
171 3.868067e-06      1
172 2.376338e-03      1
173 1.541195e-04      1
174 1.139846e-03      1
175 5.028289e-04      1
176 7.754434e-05      1
177 1.670171e-03      1
178 2.821340e-03      1
179 3.879607e-03      1
180 2.883648e-03      1
181 4.653138e-03      1
182 1.286524e-04      1
183 3.674281e-06      1
184 2.584865e-04      1
185 3.594595e-03      1
186 2.400593e-05      1
187 7.506209e-04      1
188 2.114578e-04      1
189 8.132182e-04      1
190 1.253875e-03      1
191 7.899894e-04      1
192 9.395436e-04      1
193 4.137360e-03      1
194 3.081638e-04      1
195 7.809208e-04      1
196 9.302261e-05      1
197 4.009900e-04      1
198 5.876310e-03      1
199 2.392447e-03      1
200 2.941659e-03      1
201 2.819542e-04      1
202 6.020755e-04      1
203 4.266658e-03      1
204 3.246752e-03      1
205 8.531859e-04      1
206 9.978731e-04      1
207 2.133322e-03      1
208 5.866260e-04      1
209 7.601908e-04      1
210 1.462414e-04      1
211 6.287682e-04      1
212 1.727854e-03      1
213 9.374888e-04      1
214 9.251415e-04      1
215 6.246622e-03      1
216 1.598459e-03      1
217 9.462680e-04      1
218 4.273513e-03      1
219 1.659736e-04      1
220 4.752939e-04      1
221 9.013074e-04      1
222 1.520196e-03      1
223 1.723569e-02      1
224 1.440815e-03      1
225 6.942955e-04      1
226 3.062437e-03      1
227 9.414638e-04      1
228 6.183318e-03      1
229 1.481429e-03      1
230 5.810515e-05      1
231 1.864884e-04      1
232 8.991955e-05      1
233 2.164107e-03      1
234 4.681197e-04      1
235 1.331051e-03      1
236 8.900647e-03      1
237 1.569012e-03      1
238 1.172667e-03      1
239 8.385492e-03      1
240 2.477445e-03      1
241 1.958661e-04      1
242 2.056326e-03      1
243 1.339006e-04      1
244 5.431787e-05      1
245 8.677405e-05      1
246 1.577533e-03      1
247 7.732367e-04      1
248 9.121996e-06      1
249 3.621601e-04      1
250 9.288367e-05      1
251 3.770846e-05      1
252 2.499807e-04      1
253 2.473648e-05      1
254 2.428022e-04      1
255 2.977186e-03      1
256 6.868238e-04      1
257 3.063999e-05      1
258 3.756823e-03      1
259 4.047342e-04      1
260 6.108826e-06      1
261 1.366880e-05      1
262 6.039839e-04      1
263 1.534397e-06      1
264 1.154524e-03      1
265 1.120348e-04      1
266 1.036050e-03      1
267 8.948568e-04      1
268 2.942466e-04      1
269 7.824302e-05      1
270 9.918858e-04      1
271 6.875822e-04      1
272 3.698840e-03      1
273 1.866118e-03      1
274 2.784653e-06      1
275 1.343938e-03      1
276 1.871779e-04      1
277 2.496059e-04      1
278 2.757927e-03      1
279 1.897961e-03      1
280 1.456201e-04      1
281 1.409042e-03      1
282 3.238291e-05      1
283 2.050931e-03      1
284 8.206273e-04      1
285 2.174023e-04      1
286 4.545479e-03      1
287 1.290035e-03      1
288 6.485092e-04      1
289 9.848034e-04      1
290 7.635185e-05      1
291 2.439571e-04      1
292 2.587439e-06      1
293 3.524731e-05      1
294 3.925371e-05      1
295 2.246127e-04      1
296 8.313316e-04      1
297 1.479602e-05      1
298 2.966930e-04      1
299 2.655281e-03      1
300 8.568716e-08      1
301 9.183706e-04      1
302 1.097843e-03      1
303 3.438080e-03      1
304 1.445527e-03      1
305 5.924792e-05      1
306 6.037418e-04      1
307 3.432534e-03      1
308 5.582849e-05      1
309 3.466281e-04      1
310 6.141167e-04      1
311 1.677229e-06      1
312 3.674809e-04      1
313 1.048790e-03      1
314 7.178408e-06      1
315 1.103787e-05      1
316 1.966970e-03      1
317 2.164188e-03      1
318 1.246323e-03      1
319 6.496711e-04      1
320 3.476076e-04      1
321 5.591615e-05      1
322 7.879400e-04      1
323 4.752711e-03      1
324 4.443512e-05      1
325 2.370678e-03      1
326 6.087437e-04      1
327 2.068575e-04      1
328 8.231936e-04      1
329 1.812567e-04      1
330 5.954070e-04      1
331 1.771288e-04      1
332 1.460443e-04      1
333 2.817862e-04      1
334 1.376070e-03      1
335 1.910526e-05      1
336 1.905188e-03      1
337 1.957664e-05      1
338 2.703776e-03      1
339 7.788529e-04      1
340 1.344543e-04      1
341 3.707750e-04      1
342 3.078538e-04      1
343 1.322948e-03      1
344 2.586575e-04      1
345 2.772772e-04      1
346 1.721608e-03      1
347 8.838078e-05      1
348 3.165417e-03      1
349 1.808229e-03      1
350 1.289357e-03      1
351 3.587000e-03      1
352 1.124369e-03      1
353 5.761016e-03      1
354 6.870841e-03      1
355 4.162051e-03      1
356 3.440534e-03      1
357 1.239480e-04      1
358 2.680643e-04      1
359 5.113326e-07      1
360 2.558450e-04      1
361 8.592803e-04      1
362 1.338419e-05      1
363 2.670762e-05      1

$`MR-PRESSO results`$`Distortion Test`
$`MR-PRESSO results`$`Distortion Test`$`Outliers Indices`
[1] "No significant outliers"

$`MR-PRESSO results`$`Distortion Test`$`Distortion Coefficient`
[1] NA

$`MR-PRESSO results`$`Distortion Test`$Pvalue
[1] NA



