SNP	CHROM	POS	REF	ALT	AF	BETA	SE	Z	P	N	TRAIT
rs62106258	2	417167	T	C	0.1031	0.019219999999999998	0.040083	0.4795050270688321	0.6316	127267	covid_vs._lab/self-reported_negative
rs7644667	3	69040601	T	C	0.5053	0.012397	0.015557	0.7968760043710227	0.4255	127275	covid_vs._lab/self-reported_negative
rs13340130	3	81790970	A	T	0.4039	0.031532	0.021921	1.4384380274622508	0.1503	47641	covid_vs._lab/self-reported_negative
rs701760	4	113439212	C	G	0.48	0.037975999999999996	0.015546	2.442814871992795	0.01457	127275	covid_vs._lab/self-reported_negative
rs300046	5	37081705	A	G	0.5201	-0.038566	0.018716	-2.060589869630263	0.03934	97785	covid_vs._lab/self-reported_negative
rs10064431	5	92950673	T	C	0.4796	0.016805	0.015819999999999997	1.0622629582806575	0.2881	127637	covid_vs._lab/self-reported_negative
rs806794	6	26200677	A	G	0.3347	-0.014190000000000001	0.016666	-0.8514340573622946	0.3945	127275	covid_vs._lab/self-reported_negative
rs35797675	7	72878044	T	G	0.2719	-0.030732	0.02334	-1.3167095115681233	0.1879	72596	covid_vs._lab/self-reported_negative
rs11772832	7	135073047	T	C	0.408	0.0067017	0.015773	0.42488429594877325	0.6709	127275	covid_vs._lab/self-reported_negative
rs1912286	10	87318888	G	A	0.6304	-0.038613999999999996	0.016323	-2.3656190651228326	0.018000000000000002	127637	covid_vs._lab/self-reported_negative
rs3909727	11	126587382	A	G	0.8084	0.0058362	0.022918	0.25465572912121476	0.799	108452	covid_vs._lab/self-reported_negative
rs4759074	12	54664097	C	T	0.4428	-0.0076875	0.018878	-0.407220044496239	0.6838	91561	covid_vs._lab/self-reported_negative
rs12103229	16	74167594	C	A	0.4897	0.025462000000000002	0.01608	1.5834577114427861	0.1133	127637	covid_vs._lab/self-reported_negative
rs79564737	20	43408372	G	A	0.3185	0.016555	0.020027	0.8266340440405453	0.4084	98147	covid_vs._lab/self-reported_negative
rs136528	22	27245262	G	C	0.3939	0.020628999999999998	0.016301	1.2655051837310594	0.2057	127637	covid_vs._lab/self-reported_negative
rs139911	22	40704052	C	T	0.61240000000000006	0.0044667000000000005	0.016734	0.2669236285406956	0.7895	127275	covid_vs._lab/self-reported_negative
rs2815753	NA	NA	NA	NA	NA	NA	NA	NA	NA	NA	NA
rs506589	NA	NA	NA	NA	NA	NA	NA	NA	NA	NA	NA
rs36016753	NA	NA	NA	NA	NA	NA	NA	NA	NA	NA	NA
rs10900457	NA	NA	NA	NA	NA	NA	NA	NA	NA	NA	NA
rs10125463	NA	NA	NA	NA	NA	NA	NA	NA	NA	NA	NA
rs6478868	NA	NA	NA	NA	NA	NA	NA	NA	NA	NA	NA
rs12232804	NA	NA	NA	NA	NA	NA	NA	NA	NA	NA	NA
rs429358	NA	NA	NA	NA	NA	NA	NA	NA	NA	NA	NA
