$`Main MR results`
       Exposure       MR Analysis Causal Estimate         Sd   T-stat
1 beta.exposure               Raw      0.04090184 0.02015070 2.029798
2 beta.exposure Outlier-corrected      0.03618623 0.01906779 1.897767
     P-value
1 0.04623512
2 0.06197273

$`MR-PRESSO results`
$`MR-PRESSO results`$`Global Test`
$`MR-PRESSO results`$`Global Test`$RSSobs
[1] 107.7786

$`MR-PRESSO results`$`Global Test`$Pvalue
[1] 0.0043


$`MR-PRESSO results`$`Outlier Test`
         RSSobs Pvalue
1  2.681786e-05      1
2  3.905978e-05      1
3  9.690544e-04      1
4  2.510343e-04      1
5  1.569231e-03      1
6  3.132596e-03  0.245
7  2.420504e-03      1
8  2.056779e-04      1
9  1.924598e-03      1
10 3.357823e-03  0.749
11 3.600747e-04      1
12 8.733472e-03      1
13 4.927735e-04      1
14 6.519430e-04      1
15 1.740466e-06      1
16 1.057043e-03      1
17 4.300814e-04      1
18 5.689053e-04      1
19 1.028559e-04      1
20 5.303786e-05      1
21 1.147798e-05      1
22 1.376855e-04      1
23 1.114936e-03      1
24 3.472038e-03      1
25 1.269646e-07      1
26 3.294777e-04      1
27 1.296446e-04      1
28 3.296345e-05      1
29 9.801699e-04      1
30 1.288461e-04      1
31 8.777984e-04      1
32 1.723734e-03      1
33 5.414569e-05      1
34 1.059464e-01  0.028
35 6.865668e-04      1
36 1.133206e-05      1
37 2.350448e-04      1
38 2.302586e-04      1
39 1.038455e-03      1
40 2.493594e-06      1
41 2.977891e-03      1
42 2.695719e-04      1
43 3.456349e-04      1
44 4.676929e-05      1
45 1.374798e-05      1
46 4.532782e-03  0.287
47 1.027790e-05      1
48 5.387906e-04      1
49 1.375737e-04      1
50 2.875050e-05      1
51 1.364468e-03      1
52 2.255062e-03      1
53 7.283081e-05      1
54 1.429623e-03      1
55 1.732594e-05      1
56 8.734461e-04      1
57 2.184238e-04      1
58 1.820852e-07      1
59 2.663531e-03      1
60 1.982766e-03      1
61 8.651147e-04      1
62 1.407955e-03      1
63 5.225490e-04      1
64 1.636458e-04      1
65 5.254724e-04      1
66 8.513399e-05      1
67 1.554111e-03      1
68 7.067952e-08      1
69 1.110072e-03      1
70 7.664001e-04      1

$`MR-PRESSO results`$`Distortion Test`
$`MR-PRESSO results`$`Distortion Test`$`Outliers Indices`
[1] 34

$`MR-PRESSO results`$`Distortion Test`$`Distortion Coefficient`
beta.exposure 
     13.03151 

$`MR-PRESSO results`$`Distortion Test`$Pvalue
[1] 0.7348



