$`Main MR results`
       Exposure       MR Analysis Causal Estimate        Sd      T-stat
1 beta.exposure               Raw     -0.02053063 0.1383762 -0.14836819
2 beta.exposure Outlier-corrected      0.01219445 0.1271944  0.09587254
    P-value
1 0.8824121
2 0.9238557

$`MR-PRESSO results`
$`MR-PRESSO results`$`Global Test`
$`MR-PRESSO results`$`Global Test`$RSSobs
[1] 112.0256

$`MR-PRESSO results`$`Global Test`$Pvalue
[1] 0.0292


$`MR-PRESSO results`$`Outlier Test`
         RSSobs  Pvalue
1  3.167414e-03       1
2  2.223976e-03       1
3  1.078128e-03       1
4  5.345327e-04       1
5  1.010046e-05       1
6  6.883423e-05       1
7  1.162701e-03       1
8  9.112129e-04       1
9  1.733127e-03       1
10 1.601729e-03       1
11 1.799284e-04       1
12 1.732716e-03       1
13 8.463189e-04       1
14 3.618130e-03  0.9072
15 8.532112e-04       1
16 2.886719e-02       1
17 1.159017e-03       1
18 1.685994e-02       1
19 1.439541e-02       1
20 1.292984e-04       1
21 9.387837e-07       1
22 1.294313e-02       1
23 6.515491e-04       1
24 1.091628e-02       1
25 2.294369e-03       1
26 1.020384e-03       1
27 6.857842e-05       1
28 5.803017e-03       1
29 2.096830e-04       1
30 4.486236e-04       1
31 2.339792e-05       1
32 7.294240e-04       1
33 1.247438e-02       1
34 1.708293e-03       1
35 7.413253e-04       1
36 2.501529e-03       1
37 2.197926e-03       1
38 1.640082e-03       1
39 6.342635e-04       1
40 6.530641e-04       1
41 1.205279e-04       1
42 6.059793e-04       1
43 5.397925e-05       1
44 1.329272e-04       1
45 7.084255e-04       1
46 2.321236e-02 <0.0084
47 3.754217e-04       1
48 2.330510e-04       1
49 3.901500e-03       1
50 4.270311e-04       1
51 7.444567e-05       1
52 2.401057e-07       1
53 2.681198e-04       1
54 6.459530e-06       1
55 1.952733e-04       1
56 2.111793e-04       1
57 9.566799e-04       1
58 3.045365e-03       1
59 2.150928e-04       1
60 1.169018e-03       1
61 3.062314e-03       1
62 1.131437e-03       1
63 2.079184e-03       1
64 2.380944e-04       1
65 1.502311e-03       1
66 1.159153e-03       1
67 2.683576e-03       1
68 2.352568e-04       1
69 4.344521e-04       1
70 2.521016e-03       1
71 1.000131e-03       1
72 3.818478e-04       1
73 1.008395e-04       1
74 6.518166e-05       1
75 2.936021e-03       1
76 3.545067e-08       1
77 1.356891e-03       1
78 4.060646e-04       1
79 2.275433e-03       1
80 5.247220e-04       1
81 2.042451e-04       1
82 3.318481e-04       1
83 1.591038e-03       1
84 2.545564e-03       1

$`MR-PRESSO results`$`Distortion Test`
$`MR-PRESSO results`$`Distortion Test`$`Outliers Indices`
[1] 46

$`MR-PRESSO results`$`Distortion Test`$`Distortion Coefficient`
beta.exposure 
    -268.3604 

$`MR-PRESSO results`$`Distortion Test`$Pvalue
[1] 0.0657



