$`Main MR results`
       Exposure       MR Analysis Causal Estimate        Sd    T-stat   P-value
1 beta.exposure               Raw      -0.1719121 0.1122688 -1.531254 0.1267499
2 beta.exposure Outlier-corrected              NA        NA        NA        NA

$`MR-PRESSO results`
$`MR-PRESSO results`$`Global Test`
$`MR-PRESSO results`$`Global Test`$RSSobs
[1] 353.4501

$`MR-PRESSO results`$`Global Test`$Pvalue
[1] 0.02828


$`MR-PRESSO results`$`Outlier Test`
          RSSobs  Pvalue
1   8.769961e-04       1
2   2.927575e-03       1
3   4.394621e-03 0.62016
4   8.763398e-04       1
5   1.726071e-03       1
6   1.658768e-04       1
7   1.697645e-05       1
8   9.987717e-05       1
9   1.592756e-03       1
10  1.229327e-05       1
11  3.732730e-05       1
12  6.777202e-06       1
13  1.466285e-03       1
14  4.258781e-04       1
15  3.113386e-04       1
16  3.974232e-05       1
17  5.221607e-05       1
18  1.017619e-03       1
19  1.691609e-05       1
20  1.312181e-03       1
21  1.177547e-03       1
22  9.553808e-04       1
23  2.038143e-04       1
24  2.383816e-04       1
25  3.202457e-03       1
26  1.423587e-03       1
27  1.691473e-05       1
28  2.551845e-03       1
29  2.212250e-04       1
30  7.197490e-04       1
31  4.853012e-04       1
32  2.591605e-05       1
33  6.729820e-05       1
34  1.660710e-03       1
35  2.452053e-04       1
36  5.397766e-04       1
37  7.522283e-03       1
38  1.047237e-04       1
39  1.084803e-05       1
40  2.973118e-03       1
41  8.480681e-04       1
42  2.327646e-04       1
43  1.107982e-04       1
44  6.306191e-05       1
45  1.458988e-04       1
46  3.597297e-03       1
47  8.017339e-04       1
48  1.921125e-04       1
49  1.112949e-03       1
50  3.128213e-03       1
51  1.734224e-04       1
52  2.514458e-04       1
53  4.063512e-04       1
54  1.488526e-04       1
55  2.038055e-04       1
56  7.224394e-05       1
57  2.715063e-04       1
58  2.247159e-03       1
59  7.678621e-06       1
60  5.695273e-04       1
61  4.672661e-03       1
62  4.747899e-03       1
63  3.042735e-04       1
64  6.066490e-04       1
65  9.292503e-04       1
66  2.573547e-03       1
67  2.231549e-05       1
68  1.990855e-05       1
69  4.766747e-04       1
70  3.693734e-04       1
71  1.517354e-04       1
72  1.343910e-04       1
73  7.877575e-04       1
74  6.764521e-06       1
75  1.828921e-04       1
76  6.465384e-04       1
77  2.064399e-05       1
78  1.732912e-03       1
79  1.798432e-04       1
80  2.068045e-04       1
81  2.941792e-04       1
82  1.967265e-05       1
83  6.630008e-05       1
84  8.775717e-06       1
85  1.838262e-04       1
86  2.214410e-04       1
87  2.518399e-03       1
88  7.358724e-04       1
89  2.433576e-03       1
90  8.207659e-05       1
91  2.870938e-04       1
92  8.458936e-04       1
93  1.227573e-03       1
94  2.304979e-03       1
95  3.404626e-04       1
96  9.935936e-06       1
97  8.431324e-05       1
98  2.101825e-04       1
99  8.900056e-05       1
100 3.155410e-04       1
101 1.926661e-03       1
102 7.323124e-04       1
103 1.877008e-04       1
104 2.768864e-04       1
105 7.506840e-04       1
106 4.540940e-06       1
107 7.561740e-04       1
108 1.049289e-04       1
109 2.766807e-04       1
110 3.513487e-03       1
111 5.906746e-04       1
112 5.870502e-04       1
113 7.049888e-04       1
114 4.410683e-05       1
115 3.206302e-04       1
116 8.774516e-04       1
117 1.293838e-04       1
118 3.653366e-04       1
119 2.284262e-04       1
120 1.087923e-05       1
121 6.068398e-05       1
122 1.739255e-05       1
123 4.316576e-05       1
124 1.734155e-03       1
125 1.549324e-07       1
126 1.917358e-04       1
127 3.080971e-04       1
128 1.981904e-05       1
129 2.081388e-04       1
130 2.486813e-05       1
131 3.591879e-03       1
132 5.693153e-05       1
133 1.341864e-04       1
134 1.705576e-03       1
135 5.485687e-04       1
136 1.017433e-03       1
137 1.337803e-04       1
138 2.797638e-05       1
139 1.171201e-04       1
140 4.987573e-07       1
141 5.637384e-05       1
142 4.876228e-05       1
143 9.205420e-05       1
144 7.104646e-03 0.14592
145 1.065506e-04       1
146 6.726491e-07       1
147 8.902570e-05       1
148 6.489419e-04       1
149 3.433460e-07       1
150 2.620774e-03       1
151 8.008730e-04       1
152 1.073284e-05       1
153 2.012548e-03       1
154 1.066681e-03       1
155 7.077933e-08       1
156 1.101611e-05       1
157 3.344741e-04       1
158 2.014745e-04       1
159 9.144930e-07       1
160 3.169117e-04       1
161 1.138274e-03       1
162 2.171483e-05       1
163 1.374768e-03       1
164 1.223060e-04       1
165 3.907987e-04       1
166 1.230218e-04       1
167 4.683936e-07       1
168 1.786545e-03       1
169 2.882741e-05       1
170 3.091350e-05       1
171 1.590248e-03       1
172 4.066909e-05       1
173 3.142815e-03       1
174 6.804841e-05       1
175 1.330438e-03       1
176 1.271286e-03       1
177 5.170830e-04       1
178 4.485185e-05       1
179 1.488552e-03       1
180 1.294302e-03       1
181 3.418762e-04       1
182 1.503704e-03       1
183 8.430428e-05       1
184 1.640966e-03       1
185 5.659823e-04       1
186 7.111597e-04       1
187 2.786146e-04       1
188 6.493124e-04       1
189 2.251403e-04       1
190 2.859326e-04       1
191 1.487341e-04       1
192 1.683272e-05       1
193 2.609384e-03       1
194 1.741061e-03       1
195 1.556357e-04       1
196 3.771522e-04       1
197 2.525398e-03       1
198 2.072735e-04       1
199 1.386411e-03       1
200 5.211733e-04       1
201 6.327945e-05       1
202 9.067249e-05       1
203 1.689367e-03       1
204 9.306132e-04       1
205 1.060854e-04       1
206 1.314585e-04       1
207 1.494250e-04       1
208 1.196845e-03       1
209 1.004101e-03       1
210 3.671576e-03       1
211 4.957445e-04       1
212 3.822038e-03       1
213 8.231531e-05       1
214 2.335583e-03       1
215 1.779123e-04       1
216 4.033305e-04       1
217 1.707222e-03       1
218 1.024537e-03       1
219 8.777865e-07       1
220 1.654839e-05       1
221 9.264015e-04       1
222 2.719769e-04       1
223 3.167075e-06       1
224 1.646668e-04       1
225 1.535062e-05       1
226 1.046172e-03       1
227 1.832373e-03       1
228 5.383923e-04       1
229 2.052877e-03       1
230 3.290226e-04       1
231 9.177744e-04       1
232 3.504632e-04       1
233 6.235832e-04       1
234 1.088349e-04       1
235 1.919249e-04       1
236 3.007775e-04       1
237 1.111307e-03       1
238 9.512531e-05       1
239 2.611446e-04       1
240 1.387461e-06       1
241 9.707736e-05       1
242 6.024012e-03       1
243 1.032513e-04       1
244 2.891837e-04       1
245 8.150176e-04       1
246 2.432816e-03       1
247 6.301876e-04       1
248 3.116923e-06       1
249 1.143500e-03       1
250 8.580533e-04       1
251 1.487792e-04       1
252 3.963115e-03       1
253 1.437541e-04       1
254 3.343941e-04       1
255 9.326962e-04       1
256 9.253782e-03       1
257 1.584118e-03       1
258 2.726536e-04       1
259 3.673010e-03       1
260 4.164671e-04       1
261 1.773868e-06       1
262 3.098232e-04       1
263 5.901977e-04       1
264 4.738102e-06       1
265 2.530327e-03       1
266 1.873392e-03       1
267 2.605885e-04       1
268 2.954272e-04       1
269 2.710607e-04       1
270 5.444690e-04       1
271 1.179707e-06       1
272 3.766817e-05       1
273 1.497137e-05       1
274 4.747112e-05       1
275 1.191794e-04       1
276 4.258683e-06       1
277 6.157794e-04       1
278 1.798138e-03       1
279 6.319910e-05       1
280 1.500915e-04       1
281 7.631530e-07       1
282 8.439839e-07       1
283 1.061746e-03       1
284 2.009695e-03       1
285 5.620057e-05       1
286 1.801882e-04       1
287 1.417172e-03       1
288 5.508985e-04       1
289 5.433903e-04       1
290 8.589880e-03       1
291 1.296455e-04       1
292 1.156553e-03       1
293 1.551524e-04       1
294 1.599865e-03       1
295 3.620283e-04       1
296 2.350661e-04       1
297 8.724757e-06       1
298 4.977073e-04       1
299 1.238305e-08       1
300 8.568997e-05       1
301 4.442923e-05       1
302 1.217090e-03       1
303 2.098641e-03       1
304 3.747866e-04       1

$`MR-PRESSO results`$`Distortion Test`
$`MR-PRESSO results`$`Distortion Test`$`Outliers Indices`
[1] "No significant outliers"

$`MR-PRESSO results`$`Distortion Test`$`Distortion Coefficient`
[1] NA

$`MR-PRESSO results`$`Distortion Test`$Pvalue
[1] NA



