$`Main MR results`
       Exposure       MR Analysis Causal Estimate          Sd     T-stat
1 beta.exposure               Raw    -0.001052309 0.001816042 -0.5794517
2 beta.exposure Outlier-corrected              NA          NA         NA
    P-value
1 0.5625857
2        NA

$`MR-PRESSO results`
$`MR-PRESSO results`$`Global Test`
$`MR-PRESSO results`$`Global Test`$RSSobs
[1] 497.6435

$`MR-PRESSO results`$`Global Test`$Pvalue
[1] 0.01968


$`MR-PRESSO results`$`Outlier Test`
          RSSobs Pvalue
1   3.091632e-05      1
2   6.052019e-05      1
3   1.607030e-04      1
4   6.316586e-05      1
5   1.012479e-04      1
6   3.158555e-05      1
7   1.384543e-04      1
8   2.195403e-04      1
9   1.061468e-06      1
10  1.279827e-05      1
11  2.795099e-06      1
12  1.770627e-05      1
13  2.030461e-04      1
14  7.023175e-06      1
15  1.314851e-06      1
16  3.517366e-06      1
17  7.268706e-05      1
18  3.268016e-04      1
19  8.684226e-06      1
20  3.452330e-05      1
21  3.694279e-05      1
22  2.813592e-04      1
23  2.327010e-05      1
24  4.088045e-05      1
25  1.854407e-05      1
26  3.416749e-04      1
27  1.166372e-04      1
28  8.828187e-06      1
29  2.539324e-03      1
30  9.588506e-05      1
31  1.009192e-06      1
32  3.258437e-04      1
33  9.644843e-05      1
34  8.186842e-04      1
35  2.415795e-06      1
36  2.541661e-04      1
37  1.777665e-06      1
38  2.241953e-04      1
39  1.151979e-04      1
40  2.621145e-06      1
41  3.333039e-05      1
42  7.132311e-05      1
43  1.660526e-03      1
44  2.867333e-05      1
45  8.043971e-06      1
46  2.935369e-04      1
47  2.220678e-04      1
48  1.636371e-03      1
49  8.381094e-07      1
50  1.860965e-05      1
51  4.894062e-05      1
52  9.482920e-05      1
53  1.887478e-04      1
54  4.240303e-04      1
55  1.320446e-04      1
56  2.787106e-06      1
57  3.423811e-04      1
58  4.269789e-05      1
59  1.264218e-05      1
60  3.293721e-07      1
61  1.393090e-06      1
62  1.126608e-04      1
63  1.658806e-05      1
64  2.581323e-04      1
65  1.616406e-04      1
66  1.658074e-08      1
67  3.055824e-04      1
68  4.893908e-07      1
69  2.042533e-04      1
70  3.515346e-05      1
71  2.419406e-04      1
72  8.833350e-06      1
73  2.714338e-04      1
74  6.504099e-05      1
75  5.173299e-05      1
76  3.654203e-08      1
77  3.346846e-05      1
78  1.245339e-04      1
79  5.370615e-05      1
80  4.480108e-06      1
81  1.457661e-04      1
82  1.998715e-05      1
83  4.301285e-06      1
84  2.133135e-04      1
85  1.136750e-04      1
86  2.780116e-06      1
87  3.753889e-04      1
88  1.506361e-05      1
89  9.527340e-05      1
90  1.546079e-04      1
91  1.669402e-04      1
92  1.205532e-05      1
93  3.672951e-06      1
94  2.342737e-05      1
95  2.876415e-04      1
96  4.515988e-05      1
97  5.373814e-06      1
98  9.484074e-07      1
99  3.302430e-06      1
100 3.151339e-04      1
101 1.818735e-04      1
102 2.924761e-05      1
103 1.085950e-04      1
104 5.511759e-05      1
105 1.249941e-04      1
106 1.439432e-05      1
107 9.727786e-05      1
108 6.580658e-04      1
109 6.117161e-06      1
110 2.217622e-05      1
111 1.658144e-05      1
112 1.643824e-04      1
113 2.687902e-04      1
114 1.599461e-04      1
115 1.481730e-04      1
116 4.299291e-05      1
117 2.134665e-04      1
118 6.909423e-05      1
119 5.070149e-04      1
120 1.478137e-04      1
121 2.269933e-04      1
122 6.552847e-06      1
123 4.345706e-04      1
124 3.654048e-07      1
125 1.523454e-04      1
126 9.692072e-06      1
127 5.609263e-05      1
128 4.868549e-04      1
129 3.031543e-05      1
130 1.741518e-05      1
131 9.531340e-05      1
132 3.225166e-04      1
133 3.987574e-04      1
134 8.953028e-05      1
135 6.149782e-04      1
136 1.842791e-06      1
137 3.806254e-05      1
138 1.988544e-04      1
139 1.128634e-03      1
140 1.977742e-05      1
141 1.017885e-04      1
142 7.555011e-05      1
143 4.801317e-08      1
144 1.589952e-04      1
145 3.260659e-07      1
146 1.351312e-05      1
147 9.949313e-06      1
148 2.919815e-04      1
149 3.349604e-05      1
150 3.207846e-05      1
151 2.625128e-05      1
152 1.319770e-04      1
153 3.235883e-08      1
154 1.532022e-04      1
155 1.579417e-04      1
156 5.754905e-05      1
157 3.167817e-08      1
158 5.853466e-05      1
159 1.807249e-04      1
160 2.289989e-04      1
161 2.859688e-04      1
162 1.572815e-04      1
163 1.815686e-04      1
164 1.321820e-04      1
165 1.110496e-04      1
166 4.483169e-05      1
167 1.702701e-04      1
168 1.645215e-04      1
169 5.411575e-05      1
170 4.540358e-06      1
171 4.330013e-04      1
172 2.306188e-05      1
173 2.213454e-06      1
174 3.605972e-07      1
175 6.877548e-08      1
176 9.415070e-05      1
177 1.630021e-04      1
178 1.913719e-04      1
179 1.035212e-04      1
180 2.054359e-06      1
181 2.277573e-04      1
182 1.325213e-05      1
183 9.886525e-05      1
184 6.377423e-04      1
185 5.144567e-05      1
186 5.689915e-05      1
187 1.138577e-05      1
188 3.440202e-06      1
189 3.195961e-07      1
190 7.701884e-06      1
191 4.866980e-04      1
192 5.703763e-05      1
193 1.115640e-04      1
194 1.213986e-05      1
195 4.811106e-04      1
196 2.856765e-05      1
197 1.426452e-06      1
198 7.705394e-05      1
199 1.023263e-04      1
200 2.478116e-04      1
201 2.232277e-04      1
202 1.798980e-05      1
203 2.973007e-04      1
204 7.639298e-04      1
205 3.502345e-05      1
206 5.660572e-06      1
207 4.361176e-05      1
208 7.016595e-05      1
209 3.370044e-04      1
210 4.852720e-05      1
211 2.925113e-05      1
212 1.008571e-05      1
213 3.776080e-08      1
214 5.726198e-05      1
215 2.242227e-04      1
216 2.791270e-04      1
217 3.456144e-05      1
218 1.313675e-05      1
219 8.242208e-05      1
220 6.966051e-06      1
221 6.383442e-05      1
222 4.094676e-04      1
223 5.883907e-05      1
224 2.161955e-05      1
225 6.650568e-05      1
226 1.529595e-04      1
227 2.346215e-05      1
228 1.698875e-08      1
229 8.324920e-05      1
230 8.701729e-07      1
231 1.281450e-05      1
232 8.807583e-05      1
233 5.149829e-06      1
234 1.635969e-04      1
235 4.646235e-05      1
236 1.624512e-06      1
237 1.739300e-05      1
238 8.629710e-06      1
239 1.091208e-05      1
240 2.822785e-06      1
241 2.829837e-04      1
242 4.965392e-05      1
243 1.438508e-04      1
244 1.103207e-04      1
245 3.373090e-05      1
246 2.362925e-05      1
247 7.127802e-08      1
248 7.566074e-05      1
249 1.444495e-03      1
250 7.993204e-05      1
251 6.629304e-06      1
252 7.694668e-06      1
253 2.691265e-04      1
254 7.705396e-05      1
255 1.349557e-04      1
256 3.294371e-05      1
257 6.936588e-04      1
258 4.662879e-04      1
259 3.685229e-04      1
260 7.082543e-06      1
261 1.228326e-05      1
262 8.781974e-05      1
263 5.824166e-05      1
264 1.288804e-04      1
265 3.124719e-04      1
266 3.877310e-05      1
267 1.007750e-04      1
268 6.192056e-04      1
269 1.530222e-05      1
270 1.107440e-04      1
271 6.337219e-05      1
272 5.824943e-04      1
273 1.569436e-04      1
274 2.730547e-05      1
275 1.493622e-04      1
276 2.715429e-06      1
277 5.223852e-06      1
278 4.885262e-06      1
279 2.479907e-04      1
280 1.073482e-06      1
281 3.796444e-05      1
282 2.561827e-04      1
283 8.392587e-07      1
284 1.147048e-06      1
285 1.251694e-03 0.0868
286 4.709296e-04      1
287 3.020374e-04      1
288 1.846039e-04      1
289 2.057113e-04      1
290 9.504678e-05      1
291 5.420053e-04      1
292 1.356869e-05      1
293 1.703320e-05      1
294 2.913742e-04      1
295 3.368800e-06      1
296 3.648942e-04      1
297 1.372679e-04      1
298 1.804655e-04      1
299 6.966428e-05      1
300 3.775860e-04      1
301 1.850888e-05      1
302 8.133713e-07      1
303 6.489727e-06      1
304 7.791524e-05      1
305 4.418916e-04      1
306 3.320521e-05      1
307 3.667680e-05      1
308 2.035020e-04      1
309 1.977335e-05      1
310 3.879432e-04      1
311 1.220936e-04      1
312 4.645764e-06      1
313 1.416428e-05      1
314 7.484566e-04      1
315 2.636117e-04      1
316 1.305378e-04      1
317 2.539261e-04      1
318 1.601461e-03      1
319 1.271420e-08      1
320 2.214361e-04      1
321 1.763263e-04      1
322 1.049048e-04      1
323 2.005951e-04      1
324 3.241264e-04      1
325 4.872507e-05      1
326 2.322400e-05      1
327 1.636176e-05      1
328 1.163451e-04      1
329 4.885121e-04      1
330 1.573487e-06      1
331 4.535178e-04      1
332 7.217895e-06      1
333 5.544073e-04      1
334 2.185507e-05      1
335 7.844377e-06      1
336 7.616343e-06      1
337 4.612348e-05      1
338 7.632272e-05      1
339 2.804485e-05      1
340 6.865103e-04      1
341 6.796077e-05      1
342 3.695493e-05      1
343 2.809189e-03      1
344 3.897077e-05      1
345 3.681850e-06      1
346 3.980784e-06      1
347 8.771996e-05      1
348 2.727600e-04      1
349 1.289483e-04      1
350 6.414461e-06      1
351 1.399792e-04      1
352 1.437644e-04      1
353 1.623105e-04      1
354 2.863592e-04      1
355 6.328574e-06      1
356 1.653067e-04      1
357 1.938001e-03      1
358 5.377110e-06      1
359 2.561323e-04      1
360 1.790154e-04      1
361 1.801663e-04      1
362 3.384505e-05      1
363 4.687879e-05      1
364 8.603223e-05      1
365 2.010908e-05      1
366 1.973716e-04      1
367 3.596139e-05      1
368 1.377023e-04      1
369 1.713498e-04      1
370 5.852089e-06      1
371 1.196485e-03      1
372 1.179458e-06      1
373 1.513555e-03      1
374 1.156637e-04      1
375 3.574135e-04      1
376 3.943467e-05      1
377 2.533219e-05      1
378 6.640549e-04      1
379 1.543508e-04      1
380 3.714410e-06      1
381 2.411000e-04      1
382 1.879603e-05      1
383 3.779318e-04      1
384 2.262111e-04      1
385 1.518339e-05      1
386 1.421794e-04      1
387 8.030371e-05      1
388 4.706558e-04      1
389 1.901090e-06      1
390 3.747808e-05      1
391 3.281127e-04      1
392 8.401503e-07      1
393 1.371285e-04      1
394 7.979499e-09      1
395 2.605685e-05      1
396 4.095775e-04      1
397 5.731654e-05      1
398 4.668960e-07      1
399 1.687541e-04      1
400 3.922863e-06      1
401 2.505680e-05      1
402 6.737568e-05      1
403 1.891426e-05      1
404 2.803191e-05      1
405 5.830469e-04      1
406 6.283611e-04      1
407 7.654522e-05      1
408 4.097034e-05      1
409 1.524148e-04      1
410 2.830832e-06      1
411 4.397463e-04      1
412 3.239299e-05      1
413 5.813465e-05      1
414 4.463540e-04      1
415 2.792059e-04      1
416 7.352435e-06      1
417 2.620413e-04      1
418 2.465868e-04      1
419 2.351568e-06      1
420 2.070489e-04      1
421 1.463691e-05      1
422 6.374418e-06      1
423 5.717109e-06      1
424 2.788008e-06      1
425 2.605390e-05      1
426 1.219849e-04      1
427 4.647900e-06      1
428 2.289875e-04      1
429 8.220531e-08      1
430 4.976462e-04      1
431 1.344124e-04      1
432 1.762241e-04      1
433 3.962991e-04      1
434 2.678514e-05      1

$`MR-PRESSO results`$`Distortion Test`
$`MR-PRESSO results`$`Distortion Test`$`Outliers Indices`
[1] "No significant outliers"

$`MR-PRESSO results`$`Distortion Test`$`Distortion Coefficient`
[1] NA

$`MR-PRESSO results`$`Distortion Test`$Pvalue
[1] NA



