$`Main MR results`
       Exposure       MR Analysis Causal Estimate         Sd    T-stat
1 beta.exposure               Raw      0.03394333 0.04197103 0.8087322
2 beta.exposure Outlier-corrected              NA         NA        NA
    P-value
1 0.4189072
2        NA

$`MR-PRESSO results`
$`MR-PRESSO results`$`Global Test`
$`MR-PRESSO results`$`Global Test`$RSSobs
[1] 887.701

$`MR-PRESSO results`$`Global Test`$Pvalue
[1] 0.0289


$`MR-PRESSO results`$`Outlier Test`
          RSSobs  Pvalue
1   4.689082e-03       1
2   3.775377e-05       1
3   2.727975e-04       1
4   2.816279e-04       1
5   3.808328e-05       1
6   2.635118e-04       1
7   7.824767e-10       1
8   9.903269e-04       1
9   5.790601e-04       1
10  1.815364e-03       1
11  9.858360e-06       1
12  9.149500e-04       1
13  3.931682e-04       1
14  8.328995e-05       1
15  1.469055e-06       1
16  3.121911e-06       1
17  8.278121e-08       1
18  5.231115e-04       1
19  3.942538e-06       1
20  6.650637e-04       1
21  1.330519e-03       1
22  8.450206e-04       1
23  4.758638e-04       1
24  2.687904e-04       1
25  2.436510e-05       1
26  1.309106e-05       1
27  4.717215e-10       1
28  1.419362e-03       1
29  5.917867e-04       1
30  2.953803e-03       1
31  6.828538e-05       1
32  3.679599e-04       1
33  2.315457e-03       1
34  7.993145e-05       1
35  1.889375e-04       1
36  7.770470e-05       1
37  4.867379e-04       1
38  7.188753e-04       1
39  2.249092e-04       1
40  8.220702e-04       1
41  5.907518e-05       1
42  9.688433e-06       1
43  1.746792e-04       1
44  1.180041e-03       1
45  3.422213e-03       1
46  2.190792e-02       1
47  8.392391e-05       1
48  2.307877e-04       1
49  6.203486e-04       1
50  1.006551e-04       1
51  4.389499e-04       1
52  4.194338e-04       1
53  1.696172e-04       1
54  5.417101e-04       1
55  6.891354e-04       1
56  1.583904e-03       1
57  3.008774e-06       1
58  7.480703e-06       1
59  2.005021e-03       1
60  9.275078e-04       1
61  1.527185e-06       1
62  1.378769e-04       1
63  1.284013e-04       1
64  8.530494e-04       1
65  1.079759e-03       1
66  2.288678e-04       1
67  2.947806e-03       1
68  1.909081e-05       1
69  4.579517e-04       1
70  8.130381e-05       1
71  7.022808e-04       1
72  3.649083e-05       1
73  2.819354e-08       1
74  5.348945e-05       1
75  1.183253e-03       1
76  6.548508e-05       1
77  3.786902e-04       1
78  7.684387e-04       1
79  7.490393e-03       1
80  7.582760e-03       1
81  1.376238e-07       1
82  2.691031e-04       1
83  5.151896e-04       1
84  2.581966e-05       1
85  1.499361e-03       1
86  2.861936e-04       1
87  1.644401e-04       1
88  2.028809e-04       1
89  7.147398e-04       1
90  2.302109e-04       1
91  2.243344e-03       1
92  1.319856e-04       1
93  6.016012e-05       1
94  9.526775e-04       1
95  7.545905e-04       1
96  3.079806e-07       1
97  4.382946e-06       1
98  1.216055e-04       1
99  1.685404e-03       1
100 1.451989e-04       1
101 1.602910e-04       1
102 3.394860e-05       1
103 4.613478e-04       1
104 4.809134e-04       1
105 1.281383e-04       1
106 1.025516e-05       1
107 6.175086e-06       1
108 1.220515e-03       1
109 7.896068e-04       1
110 7.235593e-04       1
111 3.890068e-04       1
112 6.153231e-03       1
113 6.792540e-04       1
114 6.867678e-04       1
115 2.415567e-05       1
116 1.426945e-03       1
117 2.514967e-05       1
118 1.270150e-05       1
119 2.404865e-04       1
120 2.277257e-03       1
121 1.186758e-03       1
122 1.202663e-04       1
123 5.550177e-05       1
124 2.901057e-03       1
125 1.890724e-03       1
126 1.370965e-03       1
127 7.616170e-05       1
128 6.045846e-04       1
129 9.726669e-04       1
130 5.588009e-04       1
131 1.527302e-04       1
132 2.232733e-05       1
133 2.711811e-04       1
134 2.428631e-04       1
135 2.310212e-03       1
136 5.396930e-03       1
137 1.378297e-04       1
138 1.017100e-03       1
139 6.650601e-03       1
140 4.709669e-04       1
141 1.414466e-03       1
142 2.780931e-03       1
143 6.187404e-03       1
144 6.794505e-07       1
145 8.697471e-05       1
146 2.250130e-04       1
147 3.113418e-03       1
148 5.965902e-04       1
149 7.797424e-04       1
150 2.014099e-04       1
151 2.031279e-05       1
152 4.151807e-04       1
153 3.478690e-04       1
154 2.499411e-05       1
155 1.248392e-05       1
156 4.824624e-03       1
157 5.983888e-03       1
158 2.347749e-03       1
159 1.485861e-03       1
160 2.892573e-04       1
161 2.859344e-03       1
162 1.398565e-05       1
163 1.065650e-03       1
164 3.845144e-05       1
165 4.606186e-03       1
166 7.228768e-04       1
167 1.656243e-03       1
168 1.447109e-03       1
169 2.830894e-08       1
170 5.838043e-04       1
171 1.661253e-03       1
172 4.659831e-04       1
173 2.276379e-05       1
174 4.563436e-04       1
175 5.436583e-04       1
176 1.243739e-03       1
177 1.362760e-03       1
178 7.491416e-05       1
179 6.956293e-04       1
180 2.588898e-05       1
181 2.461635e-03       1
182 2.939201e-04       1
183 1.695078e-04       1
184 7.182259e-04       1
185 1.732091e-04       1
186 2.488133e-04       1
187 2.382299e-03       1
188 2.104466e-03       1
189 1.191878e-03       1
190 6.401564e-05       1
191 1.846362e-04       1
192 2.148766e-04       1
193 7.787983e-05       1
194 1.092519e-07       1
195 6.556591e-05       1
196 1.322891e-03       1
197 2.296160e-03       1
198 4.949774e-04       1
199 4.114604e-04       1
200 1.327849e-04       1
201 2.385787e-03       1
202 7.905219e-05       1
203 4.898067e-05       1
204 2.623898e-03       1
205 6.145954e-05       1
206 1.121956e-03       1
207 5.339268e-05       1
208 6.251366e-05       1
209 2.621697e-05       1
210 2.579572e-05       1
211 1.302035e-05       1
212 8.161493e-04       1
213 2.230124e-03       1
214 1.537043e-05       1
215 1.789164e-04       1
216 3.632284e-04       1
217 7.950212e-05       1
218 7.378090e-05       1
219 8.853626e-04       1
220 9.675372e-05       1
221 1.900791e-06       1
222 4.321610e-06       1
223 1.583855e-04       1
224 1.817807e-04       1
225 1.916531e-03       1
226 1.052415e-03       1
227 1.427038e-04       1
228 7.630930e-04       1
229 1.307241e-03       1
230 2.761753e-03       1
231 1.417441e-03       1
232 7.019351e-05       1
233 2.327896e-04       1
234 1.066554e-04       1
235 4.728269e-04       1
236 7.858210e-05       1
237 2.085499e-04       1
238 6.437207e-04       1
239 3.550541e-06       1
240 3.534810e-05       1
241 2.825595e-03       1
242 1.911510e-04       1
243 2.651167e-04       1
244 9.816313e-04       1
245 2.517532e-03       1
246 2.434887e-03       1
247 1.156664e-03       1
248 8.550242e-04       1
249 2.483112e-03       1
250 1.830624e-03       1
251 4.722128e-05       1
252 5.077048e-03       1
253 1.712262e-03       1
254 1.124553e-03       1
255 1.412051e-03       1
256 1.772477e-05       1
257 1.931469e-03       1
258 9.746210e-04       1
259 2.860773e-04       1
260 2.507330e-03       1
261 1.251661e-03       1
262 2.016785e-05       1
263 3.896608e-03       1
264 9.533101e-04       1
265 4.005889e-04       1
266 1.205114e-06       1
267 6.474139e-04       1
268 1.037306e-03       1
269 1.608102e-03       1
270 2.598850e-03       1
271 3.008475e-04       1
272 2.520454e-03       1
273 7.348972e-04       1
274 4.285960e-05       1
275 7.178771e-04       1
276 6.197416e-04       1
277 6.851791e-04       1
278 1.034758e-03       1
279 4.907707e-03       1
280 2.866262e-03       1
281 6.681443e-04       1
282 9.692629e-03       1
283 3.278615e-03       1
284 3.311971e-06       1
285 5.475439e-04       1
286 6.833377e-05       1
287 7.053382e-04       1
288 7.586634e-03       1
289 2.895046e-03       1
290 6.262673e-04       1
291 1.053614e-04       1
292 1.433537e-03       1
293 4.344890e-04       1
294 1.222564e-03       1
295 1.106112e-03       1
296 1.031958e-03       1
297 7.641768e-04       1
298 3.869815e-04       1
299 4.060345e-03       1
300 6.791940e-03       1
301 6.734798e-04       1
302 1.494233e-03       1
303 4.791074e-03       1
304 2.973383e-05       1
305 2.476118e-03       1
306 3.324034e-04       1
307 1.588219e-04       1
308 3.419996e-03       1
309 2.100163e-03       1
310 6.242359e-05       1
311 5.012163e-04       1
312 3.769163e-04       1
313 9.318692e-04       1
314 5.467421e-03 0.55012
315 3.021084e-07       1
316 1.321852e-03       1
317 1.355066e-05       1
318 4.792223e-04       1
319 8.199539e-04       1
320 9.136133e-04       1
321 2.899594e-03       1
322 1.918921e-05       1
323 7.656834e-06       1
324 1.788910e-03       1
325 6.144456e-05       1
326 2.607513e-04       1
327 1.051728e-04       1
328 4.712776e-05       1
329 8.233535e-04       1
330 2.759329e-04       1
331 1.541694e-03       1
332 1.298311e-04       1
333 2.360326e-04       1
334 4.240358e-04       1
335 8.015786e-04       1
336 1.308897e-03       1
337 3.102701e-06       1
338 5.166193e-04       1
339 1.813855e-04       1
340 1.251232e-03       1
341 1.976449e-03       1
342 7.746551e-05       1
343 1.038820e-03       1
344 7.515561e-05       1
345 2.368651e-03       1
346 2.034934e-03       1
347 3.605895e-04       1
348 5.415538e-05       1
349 1.558466e-03       1
350 2.049542e-04       1
351 7.027325e-04       1
352 1.691684e-05       1
353 4.483110e-03       1
354 1.529441e-03       1
355 3.413431e-03       1
356 8.964634e-05       1
357 1.641774e-04       1
358 1.065378e-04       1
359 1.048597e-04       1
360 1.096967e-03       1
361 9.456870e-07       1
362 2.063372e-04       1
363 5.798910e-05       1
364 1.135898e-03       1
365 1.601452e-03       1
366 6.058144e-05       1
367 1.256562e-03       1
368 2.657229e-05       1
369 2.539494e-04       1
370 5.845151e-03       1
371 4.084411e-04       1
372 2.766711e-03       1
373 1.649599e-04       1
374 6.336522e-05       1
375 8.176425e-04       1
376 3.855773e-06       1
377 9.753021e-04       1
378 1.256185e-04       1
379 5.592382e-04       1
380 4.256720e-05       1
381 5.730141e-04       1
382 6.527617e-04       1
383 1.787290e-03       1
384 4.121453e-03       1
385 8.005396e-04       1
386 8.492216e-05       1
387 1.961882e-04       1
388 6.633137e-05       1
389 3.470404e-03       1
390 1.451990e-04       1
391 9.012817e-04       1
392 4.551198e-05       1
393 7.646115e-04       1
394 1.172078e-03       1
395 3.754157e-03       1
396 2.189095e-04       1
397 6.763553e-04       1
398 3.601369e-04       1
399 1.985361e-05       1
400 2.925810e-05       1
401 1.362325e-03       1
402 1.382274e-03       1
403 3.095283e-04       1
404 9.289526e-05       1
405 1.960223e-04       1
406 8.855612e-04       1
407 9.259714e-05       1
408 2.269938e-03       1
409 6.517939e-04       1
410 1.398369e-04       1
411 4.150634e-04       1
412 2.978534e-04       1
413 1.796024e-03       1
414 1.767981e-04       1
415 8.477834e-04       1
416 3.704285e-03       1
417 9.038982e-04       1
418 3.323404e-04       1
419 3.417600e-05       1
420 6.517280e-04       1
421 2.972018e-04       1
422 1.853141e-03       1
423 2.851653e-04       1
424 6.410251e-05       1
425 2.447261e-05       1
426 2.233702e-04       1
427 2.550205e-04       1
428 1.734607e-04       1
429 3.323268e-04       1
430 1.079798e-05       1
431 2.241371e-03       1
432 2.876683e-04       1
433 2.019271e-04       1
434 4.500683e-08       1
435 1.200397e-03       1
436 1.125499e-05       1
437 2.470663e-03       1
438 1.693602e-04       1
439 2.828288e-03       1
440 1.182774e-03       1
441 1.781971e-05       1
442 5.997339e-05       1
443 1.614718e-03       1
444 3.026767e-06       1
445 4.480830e-03       1
446 2.036214e-05       1
447 1.739670e-03       1
448 4.853411e-04       1
449 4.308391e-03       1
450 1.515928e-05       1
451 8.779919e-04       1
452 6.235620e-04       1
453 4.212958e-03       1
454 6.350452e-04       1
455 2.504897e-06       1
456 4.698794e-07       1
457 8.540128e-06       1
458 7.421848e-05       1
459 2.264457e-07       1
460 1.594476e-03       1
461 1.551047e-03       1
462 6.620772e-04       1
463 9.834986e-05       1
464 1.105076e-03       1
465 8.104303e-07       1
466 1.860461e-05       1
467 8.498721e-04       1
468 5.781154e-05       1
469 1.660057e-04       1
470 4.594212e-03       1
471 5.849158e-05       1
472 1.150032e-04       1
473 7.594528e-04       1
474 4.055837e-04       1
475 1.408149e-04       1
476 1.977310e-04       1
477 6.275764e-05       1
478 3.486801e-03       1
479 8.316637e-04       1
480 6.427734e-06       1
481 2.748637e-03       1
482 1.049944e-03       1
483 4.474793e-06       1
484 1.863705e-05       1
485 5.369532e-05       1
486 9.596949e-05       1
487 5.757373e-05       1
488 4.789085e-04       1
489 9.336671e-04       1
490 1.015164e-03       1
491 1.170239e-05       1
492 1.893287e-03       1
493 1.946771e-06       1
494 5.403871e-05       1
495 1.994507e-04       1
496 2.513512e-04       1
497 7.495815e-04       1
498 2.917488e-04       1
499 4.162078e-04       1
500 2.782607e-03       1
501 1.611573e-05       1
502 1.340416e-04       1
503 2.066097e-04       1
504 2.478251e-04       1
505 2.969030e-05       1
506 5.963634e-04       1
507 2.988891e-04       1
508 2.101852e-04       1
509 1.695855e-04       1
510 7.565713e-04       1
511 1.257916e-04       1
512 4.092947e-04       1
513 1.614777e-04       1
514 1.683384e-04       1
515 2.896384e-04       1
516 2.090571e-03       1
517 2.027546e-03       1
518 1.862939e-04       1
519 1.633742e-03       1
520 5.907803e-04       1
521 8.164939e-04       1
522 1.245905e-04       1
523 5.368660e-04       1
524 1.892470e-03       1
525 3.167943e-05       1
526 3.648029e-05       1
527 6.772388e-05       1
528 7.653686e-06       1
529 1.358962e-03       1
530 3.901494e-04       1
531 2.962357e-03       1
532 4.343705e-05       1
533 1.808070e-04       1
534 2.020933e-04       1
535 3.413413e-03       1
536 1.218131e-03       1
537 1.986149e-06       1
538 3.617417e-04       1
539 1.300222e-03       1
540 1.154056e-03       1
541 4.241077e-04       1
542 1.309951e-04       1
543 1.310387e-04       1
544 4.116487e-04       1
545 5.252594e-05       1
546 1.314186e-04       1
547 6.460824e-08       1
548 6.115473e-04       1
549 4.411179e-05       1
550 1.309821e-04       1
551 1.970646e-04       1
552 2.280489e-04       1
553 7.245850e-06       1
554 2.697256e-04       1
555 1.826926e-04       1
556 1.803542e-03       1
557 6.102103e-04       1
558 2.246294e-04       1
559 1.897576e-05       1
560 4.014828e-04       1
561 3.982263e-05       1
562 6.780818e-04       1
563 1.485470e-04       1
564 1.544492e-04       1
565 1.411141e-03       1
566 3.000042e-04       1
567 2.726449e-03       1
568 1.796793e-04       1
569 5.712983e-03       1
570 8.778055e-04       1
571 7.804503e-04       1
572 1.166011e-04       1
573 7.062503e-05       1
574 2.350954e-04       1
575 1.775425e-03       1
576 5.622770e-04       1
577 1.312407e-04       1
578 1.485400e-03       1
579 3.776058e-05       1
580 8.137574e-04       1
581 2.901345e-06       1
582 1.043341e-03       1
583 7.024985e-03       1
584 2.077803e-05       1
585 1.060913e-04       1
586 2.081696e-04       1
587 3.384742e-05       1
588 7.969238e-04       1
589 1.509632e-07       1
590 4.134398e-03       1
591 2.294765e-04       1
592 2.290956e-03       1
593 5.657141e-05       1
594 3.360554e-05       1
595 1.485375e-04       1
596 3.905152e-04       1
597 2.356720e-03       1
598 6.751836e-05       1
599 1.023716e-04       1
600 6.244369e-05       1
601 7.959526e-04       1
602 2.220659e-04       1
603 1.065786e-03       1
604 5.980248e-05       1
605 1.160070e-05       1
606 1.591599e-03       1
607 9.666100e-05       1
608 6.009521e-04       1
609 6.731610e-06       1
610 1.253080e-04       1
611 6.979421e-04       1
612 2.482296e-04       1
613 8.461754e-05       1
614 1.598502e-03       1
615 4.560144e-05       1
616 7.175018e-06       1
617 1.176795e-03       1
618 5.192716e-04       1
619 2.871696e-04       1
620 1.097437e-04       1
621 1.194026e-03       1
622 3.369016e-03       1
623 9.369120e-04       1
624 1.190942e-05       1
625 1.814901e-03       1
626 5.352510e-05       1
627 1.334517e-04       1
628 3.325899e-05       1
629 1.925803e-04       1
630 2.392674e-05       1
631 3.691931e-05       1
632 4.859852e-04       1
633 2.821920e-04       1
634 3.287100e-04       1
635 5.534824e-05       1
636 7.164075e-05       1
637 5.335888e-04       1
638 3.365319e-05       1
639 1.203527e-03       1
640 3.390378e-03       1
641 1.133860e-03       1
642 2.328643e-04       1
643 1.547535e-06       1
644 3.226240e-04       1
645 8.167153e-05       1
646 2.450054e-03       1
647 9.430313e-04       1
648 3.597925e-05       1
649 3.652768e-05       1
650 7.682700e-05       1
651 2.071584e-04       1
652 4.354840e-05       1
653 3.091888e-05       1
654 9.137266e-04       1
655 2.052825e-03       1
656 1.329523e-06       1
657 8.116555e-04       1
658 2.593644e-04       1
659 1.355427e-03       1
660 4.699269e-04       1
661 5.170040e-04       1
662 1.482474e-05       1
663 1.137498e-04       1
664 5.626427e-05       1
665 2.485708e-05       1
666 1.474953e-04       1
667 4.983992e-05       1
668 4.705708e-03       1
669 1.507270e-05       1
670 1.686375e-04       1
671 4.126867e-05       1
672 2.593024e-03       1
673 9.323490e-04       1
674 2.429743e-05       1
675 1.890110e-03       1
676 7.598016e-04       1
677 5.502683e-04       1
678 1.928186e-05       1
679 3.793007e-04       1
680 3.100084e-03       1
681 9.157238e-04       1
682 3.903655e-05       1
683 3.577471e-04       1
684 1.141765e-02       1
685 1.798307e-04       1
686 2.946778e-03       1
687 5.916048e-04       1
688 1.083101e-04       1
689 2.991141e-04       1
690 2.075282e-04       1
691 3.124829e-03       1
692 5.862578e-04       1
693 4.907714e-05       1
694 1.216320e-07       1
695 7.800839e-04       1
696 2.709207e-04       1
697 5.297737e-05       1
698 3.944620e-04       1
699 1.738097e-04       1
700 1.705774e-06       1
701 1.964796e-04       1
702 1.330760e-03       1
703 2.539957e-04       1
704 2.303898e-03       1
705 1.122114e-05       1
706 1.206002e-04       1
707 3.907004e-03       1
708 1.768424e-04       1
709 3.823788e-04       1
710 5.409538e-08       1
711 1.981781e-04       1
712 6.559858e-05       1
713 2.719855e-03       1
714 2.236644e-03       1
715 1.107322e-07       1
716 1.333574e-03       1
717 2.315575e-06       1
718 8.356932e-06       1
719 8.105202e-05       1
720 4.314173e-05       1
721 2.499671e-04       1
722 1.841425e-04       1
723 5.477391e-03       1
724 1.627587e-03       1
725 8.648010e-04       1
726 2.966313e-08       1
727 1.076894e-05       1
728 2.546086e-05       1
729 1.338062e-04       1
730 6.945899e-04       1
731 1.076285e-04       1
732 3.847611e-04       1
733 3.340003e-04       1
734 1.685876e-03       1
735 3.461949e-04       1
736 1.260105e-03       1
737 5.819046e-05       1
738 4.301566e-03       1
739 5.366288e-05       1
740 2.202244e-03       1
741 6.351619e-06       1
742 8.839594e-04       1
743 3.217555e-04       1
744 2.403163e-04       1
745 6.341354e-04       1
746 1.100580e-03       1
747 1.544784e-04       1
748 9.142466e-04       1
749 8.831215e-06       1
750 5.435855e-06       1
751 3.824873e-05       1
752 4.739432e-04       1
753 4.901332e-05       1
754 9.323653e-06       1
755 4.000118e-04       1
756 1.121310e-04       1
757 2.274237e-04       1
758 2.728007e-03       1
759 6.169993e-04       1
760 4.515938e-04       1
761 2.078804e-06       1
762 3.147982e-05       1
763 3.300228e-04       1
764 1.137330e-04       1
765 3.235554e-04       1
766 5.368162e-04       1
767 3.386782e-04       1
768 2.100336e-04       1
769 9.325077e-05       1
770 7.421881e-05       1
771 1.701742e-03       1
772 1.026568e-03       1
773 2.602266e-05       1
774 1.409106e-04       1
775 1.815372e-04       1
776 3.952760e-04       1
777 3.130490e-05       1
778 1.415937e-04       1
779 6.543911e-03       1
780 1.110167e-04       1
781 2.353944e-04       1
782 8.024091e-04       1
783 3.348980e-06       1
784 4.577301e-05       1
785 8.419715e-04       1
786 1.002767e-03       1
787 3.108814e-07       1
788 1.007889e-03       1
789 3.246966e-03       1
790 3.143871e-05       1
791 4.925520e-03       1
792 4.798676e-03       1
793 7.776775e-05       1
794 1.552414e-03       1
795 1.032853e-05       1
796 3.457609e-03       1
797 4.926153e-04       1
798 4.914060e-05       1
799 4.469790e-04       1
800 2.496226e-04       1
801 2.020695e-03       1
802 7.354355e-08       1
803 1.996410e-04       1
804 1.903740e-04       1
805 1.638123e-04       1
806 3.160636e-04       1
807 1.923460e-04       1
808 6.445275e-04       1
809 2.795992e-04       1

$`MR-PRESSO results`$`Distortion Test`
$`MR-PRESSO results`$`Distortion Test`$`Outliers Indices`
[1] "No significant outliers"

$`MR-PRESSO results`$`Distortion Test`$`Distortion Coefficient`
[1] NA

$`MR-PRESSO results`$`Distortion Test`$Pvalue
[1] NA



