$`Main MR results`
       Exposure       MR Analysis Causal Estimate         Sd   T-stat
1 beta.exposure               Raw      0.04763434 0.02760503 1.725567
2 beta.exposure Outlier-corrected      0.04359918 0.02114855 2.061568
     P-value
1 0.08890144
2 0.04319113

$`MR-PRESSO results`
$`MR-PRESSO results`$`Global Test`
$`MR-PRESSO results`$`Global Test`$RSSobs
[1] 102.4071

$`MR-PRESSO results`$`Global Test`$Pvalue
[1] 0.0109


$`MR-PRESSO results`$`Outlier Test`
         RSSobs Pvalue
1  2.556238e-05      1
2  1.834206e-03      1
3  4.707642e-06      1
4  1.164925e-04      1
5  2.616735e-04      1
6  4.930580e-03  0.469
7  1.300559e-02      1
8  8.821094e-05      1
9  7.932419e-05      1
10 3.819370e-04      1
11 1.035850e-03      1
12 7.285967e-03      1
13 2.709384e-03      1
14 6.184586e-04      1
15 3.529299e-04      1
16 1.693744e-03      1
17 6.069867e-06      1
18 4.495387e-04      1
19 1.873537e-04      1
20 3.609943e-04      1
21 1.609861e-04      1
22 2.005422e-03      1
23 3.799500e-04      1
24 1.870478e-03      1
25 8.858256e-04      1
26 1.930074e-04      1
27 2.235060e-04      1
28 2.001481e-03      1
29 5.889786e-04      1
30 1.569665e-05      1
31 4.033418e-04      1
32 9.804741e-04      1
33 9.013313e-05      1
34 1.861150e-01  0.028
35 1.622402e-05      1
36 5.894438e-04      1
37 2.792025e-04      1
38 5.053221e-05      1
39 1.051546e-03      1
40 1.094659e-03      1
41 3.711354e-04      1
42 1.777691e-05      1
43 2.558608e-06      1
44 1.224171e-04      1
45 6.143266e-05      1
46 4.898258e-03      1
47 3.287847e-04      1
48 1.419680e-05      1
49 4.522413e-04      1
50 5.421269e-04      1
51 2.318016e-03      1
52 4.854849e-05      1
53 6.661990e-04      1
54 1.135812e-04      1
55 9.218447e-04      1
56 4.235385e-04      1
57 3.468225e-03      1
58 5.880907e-05      1
59 1.103436e-02  0.035
60 1.346803e-02 <0.007
61 1.515642e-04      1
62 6.500879e-03      1
63 3.614479e-04      1
64 4.283977e-04      1
65 1.749984e-03      1
66 9.608924e-04      1
67 2.656799e-03      1
68 5.131362e-04      1
69 3.336834e-04      1
70 2.040564e-04      1

$`MR-PRESSO results`$`Distortion Test`
$`MR-PRESSO results`$`Distortion Test`$`Outliers Indices`
[1] 34 59 60

$`MR-PRESSO results`$`Distortion Test`$`Distortion Coefficient`
beta.exposure 
     9.255137 

$`MR-PRESSO results`$`Distortion Test`$Pvalue
[1] 0.8316



