$`Main MR results`
       Exposure       MR Analysis Causal Estimate         Sd     T-stat
1 beta.exposure               Raw    0.0009393633 0.01218498 0.07709189
2 beta.exposure Outlier-corrected              NA         NA         NA
    P-value
1 0.9385854
2        NA

$`MR-PRESSO results`
$`MR-PRESSO results`$`Global Test`
$`MR-PRESSO results`$`Global Test`$RSSobs
[1] 509.6651

$`MR-PRESSO results`$`Global Test`$Pvalue
[1] 0.0146


$`MR-PRESSO results`$`Outlier Test`
          RSSobs  Pvalue
1   1.568576e-03       1
2   1.628815e-03       1
3   3.876154e-04       1
4   1.323657e-04       1
5   3.065476e-04       1
6   2.539833e-03       1
7   1.608352e-05       1
8   1.834360e-03       1
9   7.395318e-03       1
10  5.151676e-03       1
11  4.634500e-05       1
12  7.955722e-04       1
13  9.623752e-03       1
14  7.993182e-05       1
15  4.274324e-03       1
16  1.890344e-04       1
17  3.835870e-03       1
18  5.996673e-04       1
19  1.518960e-05       1
20  5.937110e-05       1
21  2.336641e-03       1
22  2.494227e-04       1
23  2.155972e-05       1
24  7.541962e-05       1
25  2.118605e-03       1
26  2.353698e-04       1
27  3.255200e-03       1
28  1.140789e-05       1
29  1.120518e-03       1
30  3.109860e-03       1
31  2.716030e-03       1
32  1.736356e-03       1
33  8.178220e-03       1
34  1.435342e-04       1
35  8.930827e-04       1
36  1.029089e-04       1
37  8.917739e-04       1
38  3.963232e-03       1
39  8.748940e-07       1
40  2.150315e-02       1
41  8.267085e-05       1
42  1.013205e-02       1
43  1.485376e-03       1
44  1.663593e-03       1
45  3.334521e-03       1
46  1.278951e-03       1
47  1.937351e-03       1
48  1.052557e-03       1
49  4.005363e-07       1
50  2.517766e-03       1
51  8.406070e-05       1
52  7.052731e-04       1
53  4.339971e-04       1
54  2.027118e-04       1
55  1.968102e-02       1
56  1.550147e-04       1
57  3.058262e-05       1
58  1.431573e-05       1
59  2.451255e-04       1
60  1.942532e-02       1
61  2.533532e-03       1
62  4.617880e-03       1
63  4.248302e-05       1
64  1.057685e-02       1
65  1.333357e-02       1
66  7.716976e-04       1
67  1.063480e-02       1
68  8.129960e-04       1
69  1.230379e-05       1
70  6.137001e-04       1
71  1.779899e-03       1
72  4.512174e-03       1
73  1.167351e-04       1
74  8.897313e-04       1
75  1.834597e-02       1
76  9.642554e-05       1
77  1.753860e-03       1
78  1.221018e-03       1
79  3.703367e-02       1
80  6.197226e-03       1
81  1.161883e-03       1
82  4.817269e-03       1
83  2.022883e-03       1
84  6.148324e-04       1
85  1.111290e-03       1
86  1.979812e-03       1
87  9.382140e-04       1
88  9.299114e-05       1
89  5.129009e-04       1
90  1.424862e-04       1
91  7.111488e-04       1
92  2.049341e-05       1
93  5.265922e-03       1
94  7.840933e-04       1
95  1.029509e-02       1
96  3.915986e-03       1
97  5.710561e-04       1
98  6.761751e-03       1
99  7.618552e-04       1
100 4.741729e-03       1
101 1.162436e-04       1
102 2.518984e-03       1
103 1.309039e-03       1
104 1.099529e-02       1
105 2.963038e-04       1
106 4.667166e-03       1
107 5.009947e-04       1
108 9.819024e-03       1
109 8.905329e-05       1
110 7.377164e-05       1
111 4.138600e-03       1
112 2.514120e-03       1
113 2.118230e-05       1
114 1.648567e-02       1
115 3.071867e-04       1
116 4.979281e-03       1
117 2.177016e-04       1
118 1.637875e-03       1
119 2.381546e-03       1
120 6.118501e-03       1
121 7.414974e-03       1
122 3.389175e-03       1
123 1.831462e-02       1
124 1.788149e-05       1
125 1.067097e-03       1
126 1.696783e-03       1
127 3.517282e-04       1
128 5.178739e-04       1
129 5.021705e-04       1
130 1.309427e-04       1
131 1.347277e-03       1
132 5.588242e-04       1
133 4.175325e-04       1
134 6.092155e-03       1
135 4.195071e-03       1
136 1.364426e-03       1
137 4.785113e-03       1
138 6.279366e-05       1
139 1.079078e-03       1
140 8.628035e-03       1
141 1.065326e-02       1
142 2.794464e-04       1
143 7.830052e-04       1
144 2.915212e-04       1
145 2.728020e-05       1
146 9.423583e-05       1
147 1.696845e-02       1
148 4.682443e-04       1
149 1.312214e-04       1
150 1.022037e-02       1
151 9.505841e-04       1
152 1.863657e-03       1
153 1.489030e-03       1
154 7.941925e-04       1
155 1.130993e-04       1
156 3.913467e-05       1
157 8.946362e-03       1
158 2.323150e-04       1
159 2.390449e-03       1
160 3.100700e-03       1
161 2.601248e-04       1
162 6.544395e-04       1
163 1.388928e-05       1
164 7.017620e-05       1
165 1.018272e-03       1
166 3.152786e-04       1
167 2.613200e-03       1
168 3.702556e-03       1
169 7.305727e-04       1
170 1.484098e-03       1
171 5.202367e-03       1
172 3.191736e-04       1
173 5.218959e-03       1
174 1.883498e-03       1
175 1.586877e-03       1
176 1.934803e-02       1
177 1.564027e-03       1
178 4.818517e-03       1
179 7.185583e-04       1
180 5.212757e-03       1
181 9.541595e-03       1
182 6.054231e-05       1
183 6.165085e-04       1
184 2.333967e-03       1
185 2.094320e-04       1
186 3.317046e-03       1
187 7.622910e-04       1
188 8.102763e-05       1
189 2.669274e-04       1
190 1.655650e-03       1
191 4.330891e-04       1
192 2.891577e-04       1
193 5.252582e-03       1
194 3.926800e-03       1
195 3.929147e-04       1
196 5.653913e-05       1
197 2.099935e-03       1
198 1.442999e-04       1
199 2.680288e-03       1
200 8.295932e-05       1
201 5.543921e-04       1
202 4.628634e-03       1
203 1.247677e-04       1
204 3.169707e-03       1
205 6.346297e-04       1
206 4.135468e-04       1
207 7.075977e-05       1
208 6.812172e-04       1
209 5.294079e-05       1
210 1.015436e-03       1
211 7.495591e-05       1
212 7.158434e-03       1
213 4.758196e-03       1
214 6.645290e-03       1
215 7.333626e-05       1
216 2.073835e-03       1
217 3.325094e-04       1
218 2.710637e-04       1
219 2.476987e-04       1
220 9.211256e-04       1
221 2.398829e-03       1
222 1.275409e-03       1
223 8.136506e-04       1
224 4.565359e-03       1
225 2.470248e-04       1
226 3.388842e-03       1
227 8.950704e-03       1
228 1.209645e-04       1
229 1.618342e-03       1
230 2.137463e-04       1
231 2.520843e-05       1
232 2.480361e-03       1
233 2.022463e-03       1
234 1.103264e-03       1
235 4.356012e-04       1
236 1.225793e-04       1
237 7.506462e-04       1
238 1.253470e-03       1
239 1.263332e-04       1
240 6.702255e-04       1
241 5.936916e-03       1
242 2.842926e-03       1
243 7.923599e-04       1
244 1.391357e-03       1
245 1.618201e-03       1
246 4.913721e-03       1
247 2.159395e-03       1
248 7.432454e-04       1
249 9.637361e-04       1
250 2.081592e-03       1
251 1.681530e-04       1
252 2.733876e-04       1
253 5.006635e-03       1
254 6.233878e-03       1
255 7.706779e-05       1
256 6.691340e-04       1
257 1.538482e-02       1
258 8.105205e-04       1
259 2.639142e-03       1
260 1.912659e-03       1
261 2.566324e-05       1
262 1.379469e-05       1
263 2.808274e-02       1
264 4.661090e-04       1
265 1.021946e-03       1
266 3.146805e-04       1
267 4.537465e-05       1
268 8.237819e-03       1
269 1.760350e-04       1
270 3.477199e-03       1
271 9.068675e-04       1
272 7.370772e-03       1
273 2.027588e-03       1
274 2.670038e-03       1
275 3.791723e-03       1
276 1.337474e-02       1
277 6.372256e-03       1
278 5.689781e-03       1
279 2.653536e-03       1
280 1.298075e-02       1
281 2.589974e-03       1
282 6.432428e-04       1
283 1.469439e-03       1
284 8.844704e-03       1
285 7.079204e-03       1
286 7.093257e-04       1
287 4.486722e-04       1
288 1.099266e-02       1
289 8.997397e-04       1
290 7.818757e-04       1
291 7.173416e-03       1
292 2.860656e-02       1
293 1.766242e-03       1
294 2.754952e-04       1
295 1.695939e-04       1
296 1.708869e-04       1
297 1.973976e-05       1
298 5.305069e-04       1
299 4.173608e-03       1
300 4.042650e-03       1
301 2.070518e-04       1
302 1.627776e-03       1
303 8.737467e-05       1
304 2.553347e-02       1
305 1.754237e-04       1
306 4.860921e-03       1
307 5.806455e-03       1
308 1.275548e-05       1
309 1.686368e-02       1
310 5.705502e-04       1
311 1.409574e-04       1
312 6.695134e-04       1
313 1.431914e-02       1
314 5.645786e-04       1
315 1.493615e-02       1
316 8.479083e-04       1
317 6.597177e-02       1
318 2.870604e-04       1
319 2.457468e-03       1
320 1.298569e-03       1
321 2.200266e-03       1
322 4.250329e-05       1
323 3.168733e-03       1
324 1.136049e-03       1
325 2.163015e-04       1
326 6.658994e-05       1
327 1.368939e-03       1
328 3.170991e-03       1
329 2.796238e-03       1
330 4.236877e-06       1
331 1.456611e-04       1
332 8.687857e-04       1
333 8.303554e-08       1
334 1.017110e-03       1
335 6.417231e-03       1
336 2.421321e-03       1
337 6.036915e-03       1
338 9.524162e-04       1
339 5.200501e-03       1
340 8.270368e-07       1
341 2.779211e-06       1
342 2.904596e-03       1
343 1.324087e-03       1
344 1.005414e-02 0.63648
345 4.538069e-05       1
346 1.920441e-04       1
347 2.657598e-04       1
348 4.094214e-06       1
349 2.686143e-03       1
350 1.797776e-03       1
351 6.535952e-04       1
352 7.010927e-03       1
353 1.887503e-03       1
354 1.207374e-02       1
355 7.145590e-04       1
356 1.544859e-04       1
357 3.961386e-03       1
358 5.567601e-04       1
359 1.876200e-03       1
360 7.145734e-04       1
361 1.887068e-03       1
362 1.115251e-02       1
363 5.146201e-03       1
364 4.174013e-03       1
365 3.371518e-03       1
366 8.990953e-03       1
367 4.794523e-03       1
368 3.969655e-05       1
369 1.606426e-02       1
370 7.842610e-03       1
371 2.433937e-03       1
372 3.895597e-04       1
373 3.450683e-04       1
374 2.969996e-03       1
375 3.016678e-04       1
376 1.116590e-02       1
377 4.545901e-03       1
378 3.526793e-04       1
379 5.570926e-03       1
380 6.708631e-04       1
381 1.392153e-03       1
382 3.963184e-04       1
383 2.575394e-03       1
384 8.893693e-03       1
385 1.922151e-03       1
386 2.824073e-03       1
387 1.349442e-04       1
388 4.556067e-04       1
389 5.802006e-03       1
390 4.099575e-02       1
391 3.885318e-04       1
392 4.025429e-03       1
393 8.743523e-05       1
394 4.867137e-04       1
395 4.034737e-03       1
396 2.332879e-03       1
397 2.533873e-02 0.63648
398 1.864507e-03       1
399 2.501571e-03       1
400 4.920004e-03       1
401 2.785658e-03       1
402 4.536691e-03       1
403 2.077879e-03       1
404 4.709248e-05       1
405 5.234070e-04       1
406 1.490740e-03       1
407 1.109504e-02       1
408 7.440471e-04       1
409 7.880205e-04       1
410 8.788646e-04       1
411 2.602025e-02       1
412 8.326729e-03       1
413 7.621614e-05       1
414 1.259353e-05       1
415 1.417212e-04       1
416 1.932768e-03       1
417 5.064128e-03       1
418 8.614838e-04       1
419 3.150226e-03       1
420 3.685792e-03       1
421 2.511833e-04       1
422 4.228640e-03       1
423 1.700568e-04       1
424 8.237059e-04       1
425 1.281655e-04       1
426 9.238796e-04       1
427 4.290208e-04       1
428 1.183146e-03       1
429 5.884265e-04       1
430 3.836450e-03       1
431 4.692284e-03       1
432 2.980088e-04       1
433 1.168793e-02       1
434 4.968802e-03       1
435 1.321125e-03       1
436 5.510293e-04       1
437 6.837952e-04       1
438 4.768343e-05       1
439 3.920729e-05       1
440 1.104377e-04       1
441 3.399979e-05       1
442 6.650017e-03       1

$`MR-PRESSO results`$`Distortion Test`
$`MR-PRESSO results`$`Distortion Test`$`Outliers Indices`
[1] "No significant outliers"

$`MR-PRESSO results`$`Distortion Test`$`Distortion Coefficient`
[1] NA

$`MR-PRESSO results`$`Distortion Test`$Pvalue
[1] NA



