$`Main MR results`
       Exposure       MR Analysis Causal Estimate          Sd    T-stat
1 beta.exposure               Raw     0.003117395 0.005554323 0.5612556
2 beta.exposure Outlier-corrected     0.004753823 0.005468535 0.8693046
    P-value
1 0.5749814
2 0.3852763

$`MR-PRESSO results`
$`MR-PRESSO results`$`Global Test`
$`MR-PRESSO results`$`Global Test`$RSSobs
[1] 408.0279

$`MR-PRESSO results`$`Global Test`$Pvalue
[1] 0.02188


$`MR-PRESSO results`$`Outlier Test`
          RSSobs  Pvalue
1   1.267386e-05       1
2   1.328241e-03       1
3   1.438495e-05       1
4   1.101310e-03       1
5   1.089723e-03       1
6   7.955253e-08       1
7   2.819838e-04       1
8   2.108557e-04       1
9   1.726434e-05       1
10  1.208975e-04       1
11  2.283002e-04       1
12  1.482548e-03       1
13  1.224141e-03       1
14  3.188708e-03       1
15  2.452439e-05       1
16  4.058682e-04       1
17  1.766126e-03       1
18  5.743581e-04       1
19  3.491956e-04       1
20  1.230076e-03       1
21  3.876839e-03       1
22  1.634308e-03       1
23  2.137429e-03       1
24  6.701154e-06       1
25  1.029779e-05       1
26  2.752643e-04       1
27  2.080020e-04       1
28  3.435984e-05       1
29  1.477990e-03       1
30  1.407676e-06       1
31  1.574311e-04       1
32  5.970490e-04       1
33  1.154461e-03       1
34  6.988690e-04       1
35  5.124934e-04       1
36  2.074525e-05       1
37  4.090832e-03       1
38  1.954352e-05       1
39  3.774709e-04       1
40  7.518447e-04       1
41  1.989009e-04       1
42  6.330680e-04       1
43  1.385398e-05       1
44  3.226983e-03       1
45  1.594355e-03       1
46  2.093439e-04       1
47  4.200612e-04       1
48  4.158728e-04       1
49  1.630630e-03       1
50  1.060772e-04       1
51  1.047139e-03       1
52  1.076616e-03       1
53  7.835143e-04       1
54  4.039369e-03       1
55  9.869980e-04       1
56  6.353060e-04       1
57  2.395714e-06       1
58  3.142954e-03       1
59  7.395799e-04       1
60  3.101928e-04       1
61  1.461688e-03       1
62  8.229932e-05       1
63  8.492491e-04       1
64  1.401161e-03       1
65  8.149747e-05       1
66  7.076327e-04       1
67  2.162457e-03       1
68  1.501241e-08       1
69  1.048169e-03       1
70  1.313256e-03       1
71  1.886935e-03       1
72  1.637327e-04       1
73  9.690557e-05       1
74  1.048887e-03       1
75  7.977913e-05       1
76  7.451197e-03       1
77  1.711224e-03       1
78  1.717850e-07       1
79  1.562699e-04       1
80  1.001231e-04       1
81  2.018517e-05       1
82  9.740362e-04       1
83  1.548831e-05       1
84  4.038074e-04       1
85  7.158339e-02       1
86  4.239941e-05       1
87  6.555659e-05       1
88  8.249228e-03       1
89  4.399749e-04       1
90  4.320762e-05       1
91  2.933894e-04       1
92  7.476550e-05       1
93  3.800752e-03       1
94  3.160881e-06       1
95  7.737004e-04       1
96  9.326312e-04       1
97  1.215511e-03       1
98  1.022549e-05       1
99  3.269534e-03       1
100 5.858556e-04       1
101 3.166920e-03       1
102 2.711173e-03       1
103 2.801745e-03       1
104 6.154863e-03       1
105 2.701123e-03       1
106 3.638527e-05       1
107 5.284339e-04       1
108 8.694636e-04       1
109 5.647836e-06       1
110 2.599088e-05       1
111 1.650949e-03       1
112 2.835202e-03       1
113 6.211969e-04       1
114 1.777134e-04       1
115 4.604721e-04       1
116 7.381865e-03       1
117 1.057509e-03       1
118 2.189544e-04       1
119 1.225717e-03       1
120 3.759724e-04       1
121 9.284998e-05       1
122 4.552291e-04       1
123 9.135534e-06       1
124 4.662840e-05       1
125 1.486425e-03       1
126 2.804038e-07       1
127 1.881040e-03       1
128 2.856877e-03       1
129 1.917248e-04       1
130 7.105186e-04       1
131 1.625116e-03       1
132 9.014478e-05       1
133 1.130340e-04       1
134 8.477390e-04       1
135 9.485449e-04       1
136 2.196701e-04       1
137 4.363551e-03       1
138 2.441180e-03       1
139 8.665843e-05       1
140 1.089775e-03       1
141 3.918030e-06       1
142 1.061812e-03       1
143 1.330152e-03       1
144 1.691358e-03       1
145 1.382410e-03       1
146 4.624228e-04       1
147 1.084099e-03       1
148 9.745714e-05       1
149 4.404784e-04       1
150 4.589438e-03       1
151 1.307620e-04       1
152 3.082550e-04       1
153 1.023048e-04       1
154 1.638275e-06       1
155 2.405076e-03       1
156 6.349564e-05       1
157 5.637443e-04       1
158 3.274467e-06       1
159 5.347543e-04       1
160 6.579448e-04       1
161 2.122497e-04       1
162 2.271767e-03       1
163 5.200182e-03       1
164 6.182048e-03       1
165 1.387621e-03       1
166 1.838744e-04       1
167 6.465043e-03       1
168 1.510103e-03       1
169 1.625469e-03       1
170 2.367335e-03       1
171 1.666954e-03       1
172 1.383102e-03       1
173 8.585473e-04       1
174 2.492258e-03       1
175 2.078363e-03       1
176 4.884479e-05       1
177 3.649644e-04       1
178 2.496126e-05       1
179 3.020242e-05       1
180 1.464900e-03       1
181 6.390214e-05       1
182 1.396439e-06       1
183 1.140574e-03       1
184 2.710175e-03       1
185 8.438979e-04       1
186 3.975282e-03       1
187 3.144897e-05       1
188 1.544311e-04       1
189 2.568179e-04       1
190 9.776019e-04       1
191 2.296147e-08       1
192 1.774470e-05       1
193 6.943484e-04       1
194 1.411253e-03       1
195 6.713291e-04       1
196 1.180975e-03       1
197 9.202099e-03 0.02816
198 5.291196e-04       1
199 6.312265e-06       1
200 9.050237e-05       1
201 1.948260e-03       1
202 3.345305e-04       1
203 5.273566e-06       1
204 3.455010e-05       1
205 9.519996e-04       1
206 2.640410e-04       1
207 6.591177e-04       1
208 3.191608e-03       1
209 1.132723e-03       1
210 3.435945e-04       1
211 2.440232e-04       1
212 6.084126e-05       1
213 1.124796e-04       1
214 4.527911e-04       1
215 1.488570e-06       1
216 1.178489e-04       1
217 1.390587e-03       1
218 6.965456e-04       1
219 4.330136e-05       1
220 6.344133e-04       1
221 3.399037e-03       1
222 6.794087e-05       1
223 2.569787e-05       1
224 2.614513e-03       1
225 6.863200e-03       1
226 3.420695e-05       1
227 1.400827e-04       1
228 3.863637e-05       1
229 1.287213e-02       1
230 1.801361e-07       1
231 7.712440e-06       1
232 2.815279e-03       1
233 9.337887e-05       1
234 9.192702e-03       1
235 1.682515e-03       1
236 5.453343e-05       1
237 6.009036e-04       1
238 1.411038e-03       1
239 1.601025e-04       1
240 9.062575e-07       1
241 5.490068e-03       1
242 3.317114e-03       1
243 8.643686e-04       1
244 6.999954e-04       1
245 1.373440e-03       1
246 6.905985e-05       1
247 1.350891e-04       1
248 3.793454e-03       1
249 1.067330e-04       1
250 2.123615e-03       1
251 1.322798e-05       1
252 3.020259e-04       1
253 2.733573e-05       1
254 1.399567e-04       1
255 8.125010e-04       1
256 9.177405e-05       1
257 1.784268e-04       1
258 1.288302e-04       1
259 4.237827e-03       1
260 2.010647e-09       1
261 4.470332e-03       1
262 1.303957e-03       1
263 1.255449e-03       1
264 2.428353e-04       1
265 1.421050e-03       1
266 1.352615e-03       1
267 3.517166e-04       1
268 1.284979e-03       1
269 1.119145e-04       1
270 4.359380e-03       1
271 1.899688e-03       1
272 3.272366e-03       1
273 2.851923e-03       1
274 5.840622e-03       1
275 9.797720e-04       1
276 1.446585e-06       1
277 1.391298e-03       1
278 1.112842e-02  0.4928
279 3.258333e-03       1
280 2.028792e-03       1
281 2.212263e-03       1
282 2.564727e-03       1
283 2.015780e-04       1
284 3.027095e-05       1
285 9.787021e-05       1
286 7.950287e-04       1
287 2.784549e-03       1
288 1.154240e-04       1
289 4.513501e-05       1
290 9.359800e-05       1
291 4.894389e-04       1
292 8.948745e-06       1
293 3.573660e-03       1
294 2.115040e-04       1
295 5.040472e-04       1
296 5.571627e-04       1
297 3.687301e-05       1
298 1.866856e-06       1
299 1.454115e-04       1
300 2.739412e-04       1
301 1.640197e-04       1
302 7.020422e-04       1
303 3.793282e-04       1
304 3.214287e-04       1
305 2.110531e-03       1
306 4.860537e-04       1
307 1.201754e-03       1
308 2.092815e-03       1
309 6.140066e-03       1
310 1.271921e-04       1
311 1.081529e-03       1
312 1.836279e-03       1
313 1.314539e-06       1
314 4.083395e-06       1
315 7.898037e-06       1
316 9.987639e-03 0.29568
317 5.408991e-04       1
318 7.165279e-04       1
319 4.762052e-05       1
320 1.170195e-04       1
321 3.207798e-04       1
322 7.309039e-04       1
323 4.682792e-04       1
324 6.570068e-05       1
325 7.585829e-05       1
326 8.876787e-06       1
327 7.223653e-04       1
328 7.615086e-04       1
329 1.955395e-04       1
330 4.969708e-05       1
331 9.173491e-06       1
332 5.441888e-05       1
333 3.696838e-04       1
334 1.461037e-04       1
335 3.597417e-04       1
336 1.498449e-04       1
337 6.153067e-04       1
338 2.335113e-03       1
339 2.891331e-03       1
340 3.625641e-05       1
341 7.682216e-04       1
342 8.193424e-05       1
343 5.300537e-04       1
344 2.876991e-03       1
345 8.524817e-04       1
346 1.841364e-03       1
347 5.134391e-06       1
348 4.362599e-04       1
349 1.107869e-03       1
350 5.558407e-03       1
351 2.917454e-05       1
352 2.741019e-04       1

$`MR-PRESSO results`$`Distortion Test`
$`MR-PRESSO results`$`Distortion Test`$`Outliers Indices`
[1] 197

$`MR-PRESSO results`$`Distortion Test`$`Distortion Coefficient`
beta.exposure 
     -34.4234 

$`MR-PRESSO results`$`Distortion Test`$Pvalue
[1] 0.826



