$`Main MR results`
       Exposure       MR Analysis Causal Estimate         Sd     T-stat
1 beta.exposure               Raw     -0.03984698 0.06935355 -0.5745485
2 beta.exposure Outlier-corrected     -0.05715746 0.06141013 -0.9307496
    P-value
1 0.5671142
2 0.3546824

$`MR-PRESSO results`
$`MR-PRESSO results`$`Global Test`
$`MR-PRESSO results`$`Global Test`$RSSobs
[1] 117.7162

$`MR-PRESSO results`$`Global Test`$Pvalue
[1] 0.0184


$`MR-PRESSO results`$`Outlier Test`
         RSSobs Pvalue
1  6.822612e-04      1
2  8.443624e-04      1
3  6.997591e-04      1
4  2.925253e-03      1
5  1.359892e-03      1
6  8.046157e-04      1
7  1.004426e-03      1
8  6.215555e-03      1
9  1.756295e-03      1
10 2.405789e-03      1
11 7.174440e-03      1
12 3.057780e-04      1
13 6.742787e-04      1
14 2.274537e-03      1
15 5.880990e-04      1
16 1.559554e-03      1
17 2.106695e-04      1
18 1.381617e-04      1
19 2.179926e-05      1
20 9.679587e-04      1
21 1.084773e-03      1
22 1.456146e-04      1
23 6.407809e-04      1
24 3.459955e-03      1
25 8.538859e-04      1
26 5.920961e-03      1
27 2.060665e-03      1
28 6.651853e-05      1
29 2.161182e-04      1
30 2.016894e-04      1
31 1.169051e-03      1
32 1.135322e-03      1
33 3.374067e-04      1
34 7.103099e-05      1
35 1.261889e-03      1
36 6.500229e-05      1
37 1.100122e-04      1
38 3.571184e-03      1
39 8.130790e-04      1
40 1.726207e-03      1
41 8.876641e-05      1
42 9.579816e-04      1
43 7.170664e-03 0.0344
44 6.139917e-03      1
45 2.131993e-04      1
46 3.322336e-03      1
47 2.631625e-05      1
48 3.532404e-03      1
49 1.492892e-03      1
50 1.050992e-04      1
51 1.217881e-06      1
52 2.138413e-04      1
53 1.227857e-03      1
54 9.353571e-04      1
55 3.319714e-06      1
56 8.414678e-03 0.9718
57 1.779325e-03      1
58 4.654465e-04      1
59 1.582892e-02 0.0086
60 1.855695e-04      1
61 1.129809e-03      1
62 1.070424e-03      1
63 2.425727e-03      1
64 1.680922e-05      1
65 3.688187e-04      1
66 1.028812e-04      1
67 6.516789e-04      1
68 3.157057e-06      1
69 2.119647e-03      1
70 7.845101e-04      1
71 2.863003e-04      1
72 1.066025e-05      1
73 6.650229e-04      1
74 2.913534e-07      1
75 5.967564e-03      1
76 2.974444e-04      1
77 4.621312e-03      1
78 1.063216e-04      1
79 3.547972e-04      1
80 8.934568e-03      1
81 3.888080e-04      1
82 3.803942e-05      1
83 7.692181e-04      1
84 1.973431e-03      1
85 7.869702e-05      1
86 5.297250e-03      1

$`MR-PRESSO results`$`Distortion Test`
$`MR-PRESSO results`$`Distortion Test`$`Outliers Indices`
[1] 43 59

$`MR-PRESSO results`$`Distortion Test`$`Distortion Coefficient`
beta.exposure 
      30.2856 

$`MR-PRESSO results`$`Distortion Test`$Pvalue
[1] 0.7891



