$`Main MR results`
       Exposure       MR Analysis Causal Estimate         Sd    T-stat
1 beta.exposure               Raw      0.01114613 0.03744837 0.2976398
2 beta.exposure Outlier-corrected              NA         NA        NA
    P-value
1 0.7667694
2        NA

$`MR-PRESSO results`
$`MR-PRESSO results`$`Global Test`
$`MR-PRESSO results`$`Global Test`$RSSobs
[1] 107.9543

$`MR-PRESSO results`$`Global Test`$Pvalue
[1] 0.0236


$`MR-PRESSO results`$`Outlier Test`
         RSSobs Pvalue
1  1.082513e-04      1
2  1.011903e-04      1
3  1.464145e-03      1
4  1.381768e-04      1
5  6.909446e-05      1
6  3.885060e-05      1
7  1.953195e-03      1
8  7.119186e-04      1
9  3.848919e-03 0.1343
10 2.876671e-08      1
11 9.353489e-04      1
12 2.947823e-03      1
13 8.056210e-04      1
14 1.727412e-03      1
15 7.687108e-04      1
16 4.791812e-05      1
17 6.490454e-04      1
18 2.018400e-03      1
19 7.173094e-05      1
20 6.807794e-03 0.0869
21 9.858501e-04      1
22 1.083538e-04      1
23 1.151134e-04      1
24 1.313688e-03      1
25 5.296189e-04      1
26 3.618572e-05      1
27 3.206219e-04      1
28 5.588127e-03  0.158
29 5.052174e-05      1
30 5.599237e-04      1
31 5.667090e-04      1
32 3.801166e-04      1
33 2.598357e-06      1
34 1.581441e-04      1
35 1.026161e-03      1
36 7.211120e-05      1
37 1.698578e-04      1
38 4.342266e-04      1
39 3.992916e-04      1
40 2.661425e-03      1
41 8.631811e-06      1
42 5.572721e-05      1
43 1.727955e-03      1
44 1.474385e-06      1
45 1.570120e-03      1
46 9.341197e-05      1
47 2.288910e-05      1
48 1.752586e-03      1
49 1.812388e-04      1
50 2.963691e-04      1
51 1.571425e-04      1
52 2.542019e-06      1
53 4.655037e-07      1
54 4.326099e-04      1
55 2.499526e-05      1
56 8.190715e-06      1
57 1.069421e-03      1
58 6.891935e-04      1
59 8.537120e-11      1
60 6.789575e-04      1
61 1.348936e-05      1
62 1.530722e-06      1
63 1.353692e-05      1
64 1.612671e-04      1
65 9.167945e-04      1
66 1.298411e-05      1
67 6.123591e-08      1
68 2.225415e-05      1
69 3.590453e-04      1
70 8.359190e-03      1
71 3.388623e-03      1
72 6.677641e-06      1
73 4.470469e-03      1
74 5.483245e-04      1
75 5.247142e-03      1
76 8.471494e-04      1
77 2.565198e-04      1
78 6.423502e-05      1
79 6.435132e-05      1

$`MR-PRESSO results`$`Distortion Test`
$`MR-PRESSO results`$`Distortion Test`$`Outliers Indices`
[1] "No significant outliers"

$`MR-PRESSO results`$`Distortion Test`$`Distortion Coefficient`
[1] NA

$`MR-PRESSO results`$`Distortion Test`$Pvalue
[1] NA



