$`Main MR results`
       Exposure       MR Analysis Causal Estimate         Sd    T-stat
1 beta.exposure               Raw     -0.09756257 0.06790164 -1.436822
2 beta.exposure Outlier-corrected     -0.12234325 0.06460006 -1.893857
     P-value
1 0.15481953
2 0.06204949

$`MR-PRESSO results`
$`MR-PRESSO results`$`Global Test`
$`MR-PRESSO results`$`Global Test`$RSSobs
[1] 101.4594

$`MR-PRESSO results`$`Global Test`$Pvalue
[1] 0.0468


$`MR-PRESSO results`$`Outlier Test`
         RSSobs Pvalue
1  1.417326e-03      1
2  1.543612e-03      1
3  7.238784e-05      1
4  1.417565e-03      1
5  5.654456e-06      1
6  2.381357e-03      1
7  4.796044e-04      1
8  1.552722e-03      1
9  1.325962e-03      1
10 6.598816e-04      1
11 3.542290e-09      1
12 2.539387e-03      1
13 2.521141e-03      1
14 5.520512e-04      1
15 1.178706e-03      1
16 6.252408e-05      1
17 1.180624e-04      1
18 2.129201e-04      1
19 4.186957e-04      1
20 1.523962e-04      1
21 2.101196e-03      1
22 4.936864e-07      1
23 5.923267e-04      1
24 3.921296e-03      1
25 2.234306e-02      1
26 6.973050e-04      1
27 1.362726e-03      1
28 8.199634e-04      1
29 4.652206e-03      1
30 2.090013e-02      1
31 1.188922e-02      1
32 2.632007e-04      1
33 2.499491e-03      1
34 1.707037e-05      1
35 1.017284e-04      1
36 2.910287e-03      1
37 3.264402e-04      1
38 1.394973e-04      1
39 3.485782e-04      1
40 9.771393e-04      1
41 1.588131e-03      1
42 2.032629e-03      1
43 9.465577e-06      1
44 1.511420e-02      1
45 6.039888e-04      1
46 1.116030e-05      1
47 1.676904e-03      1
48 8.796190e-05      1
49 6.456576e-05      1
50 2.384345e-03      1
51 3.248268e-03      1
52 2.748365e-06      1
53 7.079101e-05      1
54 1.702777e-04      1
55 1.576923e-04      1
56 1.331620e-02 0.0468
57 9.695044e-04      1
58 1.227968e-03      1
59 3.667508e-03      1
60 8.997686e-05      1
61 3.717140e-06      1
62 1.369737e-03      1
63 2.518726e-03      1
64 1.885858e-03      1
65 1.290395e-03      1
66 1.697710e-03      1
67 5.317781e-04      1
68 2.271406e-03      1
69 2.484552e-02      1
70 4.759993e-04      1
71 2.763893e-06      1
72 4.615718e-04      1
73 8.148971e-04      1
74 1.971047e-03      1
75 9.301247e-05      1
76 1.949882e-03      1
77 3.275807e-03      1
78 1.057449e-04      1

$`MR-PRESSO results`$`Distortion Test`
$`MR-PRESSO results`$`Distortion Test`$`Outliers Indices`
[1] 56

$`MR-PRESSO results`$`Distortion Test`$`Distortion Coefficient`
beta.exposure 
     20.25504 

$`MR-PRESSO results`$`Distortion Test`$Pvalue
[1] 0.7378



