$`Main MR results`
       Exposure       MR Analysis Causal Estimate         Sd    T-stat
1 beta.exposure               Raw      -0.1255802 0.07777044 -1.614755
2 beta.exposure Outlier-corrected              NA         NA        NA
    P-value
1 0.1074045
2        NA

$`MR-PRESSO results`
$`MR-PRESSO results`$`Global Test`
$`MR-PRESSO results`$`Global Test`$RSSobs
[1] 348.8273

$`MR-PRESSO results`$`Global Test`$Pvalue
[1] 0.0418


$`MR-PRESSO results`$`Outlier Test`
          RSSobs  Pvalue
1   4.813477e-06       1
2   1.920568e-03       1
3   2.561244e-03 0.08512
4   1.331331e-05       1
5   1.117396e-03       1
6   6.263090e-05       1
7   1.055662e-04       1
8   1.056011e-04       1
9   3.109383e-04       1
10  1.350326e-04       1
11  1.765074e-05       1
12  1.881958e-04       1
13  8.534446e-04       1
14  6.051055e-05       1
15  3.345254e-05       1
16  6.044231e-04       1
17  7.941541e-05       1
18  1.531347e-03       1
19  4.112182e-05       1
20  1.235259e-04       1
21  1.790663e-04       1
22  3.236951e-04       1
23  2.281632e-05       1
24  4.367950e-06       1
25  1.272828e-04       1
26  1.873783e-04       1
27  2.099911e-07       1
28  1.422165e-03       1
29  1.779954e-03       1
30  2.359738e-04       1
31  6.700832e-04       1
32  8.408671e-05       1
33  1.881575e-05       1
34  1.687802e-03       1
35  5.762472e-05       1
36  2.755334e-06       1
37  6.511064e-05       1
38  1.386085e-08       1
39  6.351326e-04       1
40  2.934426e-05       1
41  1.548726e-03       1
42  1.323244e-05       1
43  5.464925e-04       1
44  2.075896e-04       1
45  2.113326e-05       1
46  1.499893e-03       1
47  1.585845e-05       1
48  2.593208e-05       1
49  7.375641e-04       1
50  8.693829e-03       1
51  4.614486e-06       1
52  1.104788e-03       1
53  1.805498e-05       1
54  2.135670e-04       1
55  1.160170e-04       1
56  4.532832e-05       1
57  9.876727e-07       1
58  3.793024e-04       1
59  6.049410e-05       1
60  1.510770e-05       1
61  5.834703e-04       1
62  5.346214e-04       1
63  7.066739e-06       1
64  7.956828e-04       1
65  1.038312e-03       1
66  5.479908e-04       1
67  1.747671e-05       1
68  1.497437e-04       1
69  4.301992e-04       1
70  1.099671e-04       1
71  5.509336e-07       1
72  8.675974e-06       1
73  1.725768e-03       1
74  3.209863e-04       1
75  1.203951e-05       1
76  9.206457e-06       1
77  1.057987e-03       1
78  5.362145e-04       1
79  9.726838e-05       1
80  1.595493e-04       1
81  7.261646e-05       1
82  4.853414e-09       1
83  1.841379e-04       1
84  3.297521e-04       1
85  6.241016e-04       1
86  9.949077e-05       1
87  9.675360e-06       1
88  1.457861e-03       1
89  6.371656e-04       1
90  1.084650e-03       1
91  8.476755e-06       1
92  1.962626e-04       1
93  3.274560e-04       1
94  1.079225e-03       1
95  2.207076e-05       1
96  4.828092e-05       1
97  9.179732e-05       1
98  2.094105e-05       1
99  1.874673e-04       1
100 2.780972e-06       1
101 3.674847e-05       1
102 1.589083e-04       1
103 2.099103e-04       1
104 2.761778e-04       1
105 5.801269e-05       1
106 2.301081e-04       1
107 2.754002e-06       1
108 1.350694e-05       1
109 5.738767e-04       1
110 2.641957e-03 0.58368
111 3.892208e-04       1
112 1.603371e-04       1
113 7.899932e-07       1
114 1.229340e-06       1
115 2.228210e-05       1
116 1.406000e-04       1
117 1.341771e-05       1
118 2.338137e-05       1
119 4.618927e-04       1
120 3.527547e-04       1
121 3.266180e-04       1
122 5.240212e-05       1
123 1.434298e-05       1
124 4.670584e-06       1
125 1.170331e-05       1
126 2.068426e-04       1
127 3.531495e-05       1
128 1.585017e-06       1
129 1.253413e-04       1
130 3.552911e-08       1
131 1.670967e-03       1
132 4.991098e-05       1
133 1.240058e-05       1
134 9.755410e-04       1
135 6.381067e-04       1
136 1.599191e-03       1
137 2.845617e-04       1
138 4.019591e-05       1
139 2.319053e-04       1
140 3.063277e-04       1
141 2.581224e-04       1
142 9.728734e-04       1
143 1.446758e-04       1
144 5.151848e-04       1
145 1.021187e-04       1
146 3.866198e-05       1
147 9.664978e-04       1
148 1.908843e-03       1
149 8.192332e-07       1
150 8.375397e-04       1
151 8.979093e-06       1
152 3.057202e-08       1
153 1.749075e-05       1
154 1.099447e-04       1
155 6.410999e-05       1
156 3.621589e-04       1
157 1.251856e-03       1
158 2.782892e-07       1
159 1.619039e-06       1
160 2.494640e-04       1
161 8.045485e-05       1
162 5.956365e-04       1
163 3.252390e-04       1
164 1.754851e-04       1
165 8.221471e-04       1
166 1.015453e-03       1
167 2.442980e-06       1
168 5.121414e-04       1
169 5.034226e-05       1
170 3.525053e-05       1
171 2.337722e-03       1
172 2.453712e-05       1
173 1.152813e-07       1
174 2.487927e-04       1
175 5.213706e-04       1
176 1.366149e-04       1
177 2.298585e-04       1
178 1.877554e-05       1
179 4.907287e-05       1
180 7.287184e-05       1
181 6.828315e-05       1
182 5.345637e-05       1
183 5.047320e-04       1
184 6.188595e-05       1
185 1.360357e-04       1
186 8.842344e-05       1
187 4.112766e-04       1
188 1.276049e-03       1
189 1.610708e-04       1
190 4.406341e-05       1
191 1.679037e-03       1
192 2.211668e-04       1
193 2.226002e-03       1
194 5.163919e-05       1
195 2.171898e-04       1
196 5.471029e-04       1
197 3.956436e-05       1
198 1.538892e-05       1
199 1.420545e-04       1
200 4.570826e-04       1
201 3.542588e-06       1
202 2.388230e-04       1
203 1.598286e-04       1
204 7.192713e-07       1
205 8.340186e-06       1
206 3.022733e-05       1
207 9.194854e-05       1
208 4.783213e-04       1
209 1.343320e-04       1
210 1.080615e-03       1
211 1.039837e-03       1
212 6.844762e-04       1
213 4.825329e-04       1
214 5.880821e-04       1
215 3.479241e-04       1
216 2.714511e-05       1
217 2.021435e-05       1
218 1.459922e-04       1
219 3.110453e-04       1
220 1.691700e-07       1
221 5.466041e-04       1
222 1.941478e-04       1
223 2.715152e-05       1
224 3.874268e-07       1
225 8.571502e-04       1
226 1.606198e-04       1
227 2.926511e-05       1
228 2.186330e-05       1
229 8.088575e-04       1
230 2.825118e-04       1
231 4.654384e-04       1
232 1.643314e-03       1
233 1.995522e-04       1
234 2.809294e-04       1
235 2.140496e-04       1
236 2.586952e-04       1
237 2.813878e-05       1
238 3.356431e-05       1
239 2.876096e-04       1
240 4.342189e-04       1
241 3.153451e-05       1
242 1.236759e-03       1
243 1.608768e-05       1
244 1.138472e-03       1
245 4.830926e-05       1
246 2.952693e-03       1
247 3.014124e-05       1
248 6.850131e-05       1
249 1.243761e-04       1
250 4.635689e-04       1
251 1.917518e-04       1
252 5.882885e-03       1
253 5.187125e-04       1
254 4.082482e-04       1
255 2.024467e-03       1
256 1.970350e-03       1
257 2.226736e-03       1
258 2.836013e-04       1
259 1.794053e-03       1
260 6.769665e-05       1
261 6.974865e-04       1
262 1.284623e-04       1
263 5.404110e-04       1
264 2.357831e-04       1
265 3.132422e-04       1
266 1.502433e-05       1
267 9.495057e-05       1
268 8.227022e-07       1
269 1.703863e-04       1
270 4.577964e-04       1
271 8.386729e-05       1
272 3.128419e-04       1
273 1.019813e-03       1
274 2.131428e-04       1
275 4.370179e-06       1
276 2.208026e-06       1
277 1.536728e-05       1
278 3.437762e-05       1
279 2.216977e-05       1
280 1.837790e-04       1
281 7.629510e-05       1
282 2.900665e-04       1
283 4.696343e-04       1
284 1.056642e-03       1
285 1.142143e-07       1
286 2.191825e-06       1
287 5.022968e-04       1
288 9.689286e-04       1
289 2.256459e-04       1
290 2.366302e-03       1
291 3.198158e-05       1
292 2.052603e-05       1
293 1.445848e-04       1
294 7.338677e-04       1
295 2.104407e-04       1
296 8.452882e-06       1
297 3.076601e-04       1
298 7.660520e-06       1
299 7.878796e-06       1
300 2.752976e-04       1
301 1.616132e-05       1
302 3.588027e-05       1
303 1.503743e-04       1
304 5.219034e-04       1

$`MR-PRESSO results`$`Distortion Test`
$`MR-PRESSO results`$`Distortion Test`$`Outliers Indices`
[1] "No significant outliers"

$`MR-PRESSO results`$`Distortion Test`$`Distortion Coefficient`
[1] NA

$`MR-PRESSO results`$`Distortion Test`$Pvalue
[1] NA



