$`Main MR results`
       Exposure       MR Analysis Causal Estimate          Sd     T-stat
1 beta.exposure               Raw    -0.006541512 0.007370062 -0.8875789
2 beta.exposure Outlier-corrected    -0.004839425 0.006902922 -0.7010690
    P-value
1 0.3752457
2 0.4836289

$`MR-PRESSO results`
$`MR-PRESSO results`$`Global Test`
$`MR-PRESSO results`$`Global Test`$RSSobs
[1] 619.5281

$`MR-PRESSO results`$`Global Test`$Pvalue
[1] "<4e-05"


$`MR-PRESSO results`$`Outlier Test`
          RSSobs   Pvalue
1   6.261763e-05        1
2   7.112802e-04        1
3   1.175157e-03        1
4   4.592741e-04        1
5   6.327134e-04        1
6   1.347900e-03        1
7   3.714129e-06        1
8   9.686637e-04        1
9   2.907546e-03        1
10  8.533273e-04        1
11  4.043398e-03        1
12  1.434991e-05        1
13  4.179202e-03        1
14  2.208546e-04        1
15  1.000975e-03        1
16  1.010809e-03        1
17  4.693340e-04        1
18  1.132414e-03        1
19  9.749308e-05        1
20  2.556628e-04        1
21  1.656253e-04        1
22  3.014736e-04        1
23  5.755198e-06        1
24  1.688976e-03        1
25  9.843258e-05        1
26  2.489786e-03        1
27  1.796962e-04        1
28  1.991056e-05        1
29  9.044838e-04        1
30  6.646016e-03        1
31  8.266279e-04        1
32  2.858773e-07        1
33  3.577062e-04        1
34  1.668956e-03        1
35  2.544109e-03        1
36  9.882292e-06        1
37  1.341184e-05        1
38  1.922049e-03        1
39  3.153389e-04        1
40  2.376353e-03        1
41  1.358272e-03        1
42  1.585294e-05        1
43  2.308782e-03        1
44  5.640026e-05        1
45  1.290102e-02        1
46  2.141800e-05        1
47  7.729800e-04        1
48  1.421529e-05        1
49  1.086464e-05        1
50  7.710509e-04        1
51  4.467269e-07        1
52  4.737847e-04        1
53  2.538856e-04        1
54  1.201405e-05        1
55  1.737372e-03        1
56  2.740773e-04        1
57  9.229994e-04        1
58  1.545076e-03        1
59  2.109399e-04        1
60  7.013242e-05        1
61  4.546571e-03        1
62  1.460603e-03        1
63  4.360491e-04        1
64  2.091127e-05        1
65  3.272858e-04        1
66  2.769424e-04        1
67  2.871218e-04        1
68  3.135445e-05        1
69  4.158256e-04        1
70  7.721166e-04        1
71  1.803094e-05        1
72  6.497200e-05        1
73  2.977516e-04        1
74  9.542728e-05        1
75  1.015148e-03        1
76  5.484585e-03        1
77  5.168705e-05        1
78  4.310233e-05        1
79  2.423375e-03        1
80  2.002878e-03        1
81  1.577727e-03        1
82  7.208836e-05        1
83  9.076360e-08        1
84  5.054472e-03  0.64368
85  7.587590e-05        1
86  8.362713e-06        1
87  7.003093e-04        1
88  1.124745e-03        1
89  7.010853e-06        1
90  7.306117e-04        1
91  5.971154e-05        1
92  5.170992e-04        1
93  2.272468e-04        1
94  5.101768e-04        1
95  1.228322e-05        1
96  4.225968e-04        1
97  1.559355e-04        1
98  1.061139e-04        1
99  3.456165e-03        1
100 3.698412e-04        1
101 2.116592e-03        1
102 4.777956e-04        1
103 1.710667e-04        1
104 2.333239e-03        1
105 2.904878e-03        1
106 5.403034e-04        1
107 1.446740e-03        1
108 2.347606e-04        1
109 1.004787e-03        1
110 1.055851e-03        1
111 4.878511e-05        1
112 2.862872e-05        1
113 1.096581e-05        1
114 2.059505e-04        1
115 7.543228e-03        1
116 1.492749e-03        1
117 1.015445e-04        1
118 2.996237e-04        1
119 1.486982e-03        1
120 2.679215e-03        1
121 8.079557e-04        1
122 5.773526e-04        1
123 3.133065e-04        1
124 2.631807e-04        1
125 5.482866e-05        1
126 3.161699e-04        1
127 1.669538e-03        1
128 7.123937e-04        1
129 1.716493e-03        1
130 3.661415e-04        1
131 1.367263e-06        1
132 1.142944e-03        1
133 4.935323e-04        1
134 4.952561e-05        1
135 2.460620e-04        1
136 8.467879e-04        1
137 7.489895e-05        1
138 3.425292e-03        1
139 3.605797e-04        1
140 6.472900e-05        1
141 3.605038e-04        1
142 6.131533e-04        1
143 2.147921e-05        1
144 3.732936e-04        1
145 3.848517e-04        1
146 1.773578e-04        1
147 6.374516e-05        1
148 8.376790e-04        1
149 7.385121e-04        1
150 4.316446e-04        1
151 1.729846e-02        1
152 7.701397e-04        1
153 1.380028e-04        1
154 3.973916e-04        1
155 7.391846e-05        1
156 2.007261e-03        1
157 1.671156e-03        1
158 4.423498e-04        1
159 1.297065e-05        1
160 6.052016e-06        1
161 1.316682e-05        1
162 2.692266e-03        1
163 9.644443e-07        1
164 5.198252e-04        1
165 4.778427e-05        1
166 4.358320e-05        1
167 5.944702e-05        1
168 7.287670e-04        1
169 6.483563e-04        1
170 5.107279e-06        1
171 5.687053e-04        1
172 2.511729e-04        1
173 6.661397e-04        1
174 3.387184e-05        1
175 1.858902e-03        1
176 1.820261e-05        1
177 1.432169e-05        1
178 3.208049e-03        1
179 2.660417e-04        1
180 3.199848e-05        1
181 1.780106e-03        1
182 5.523091e-03 <0.01788
183 5.348660e-06        1
184 1.579125e-03        1
185 1.050461e-03        1
186 1.286943e-03        1
187 1.373373e-06        1
188 1.928192e-04        1
189 1.428470e-04        1
190 3.097039e-05        1
191 1.122663e-04        1
192 5.956822e-05        1
193 1.594303e-04        1
194 3.680356e-05        1
195 3.329333e-05        1
196 5.757097e-04        1
197 1.185822e-03        1
198 6.543289e-07        1
199 3.046421e-06        1
200 4.070385e-04        1
201 4.831823e-04        1
202 8.611006e-04        1
203 2.053729e-03        1
204 4.481933e-04        1
205 2.173100e-04        1
206 2.731948e-05        1
207 9.399473e-05        1
208 7.198380e-03        1
209 4.844098e-05        1
210 6.271249e-04        1
211 2.456607e-06        1
212 5.767521e-05        1
213 1.487024e-06        1
214 4.020493e-04        1
215 3.535488e-04        1
216 3.485188e-03        1
217 5.837575e-04        1
218 5.023807e-04        1
219 8.064014e-04        1
220 1.132914e-04        1
221 3.218837e-03        1
222 2.223820e-05        1
223 3.568417e-04        1
224 5.534291e-05        1
225 2.783334e-06        1
226 2.317912e-04        1
227 3.237682e-03        1
228 8.324197e-04        1
229 4.125558e-04        1
230 2.099540e-03        1
231 1.020033e-05        1
232 4.349058e-05        1
233 1.397567e-04        1
234 7.095634e-04        1
235 9.107553e-05        1
236 7.599292e-05        1
237 5.581868e-04        1
238 1.140864e-04        1
239 8.361579e-05        1
240 2.057856e-03        1
241 1.188502e-04        1
242 5.615031e-04        1
243 1.483459e-03        1
244 1.004565e-04        1
245 4.198764e-05        1
246 6.233036e-04        1
247 1.504233e-05        1
248 6.066398e-04        1
249 3.421648e-03        1
250 6.478304e-04        1
251 8.058161e-05        1
252 5.889353e-04        1
253 8.320960e-04        1
254 4.302289e-04        1
255 7.602130e-05        1
256 1.871398e-05        1
257 3.078060e-03        1
258 5.801032e-05        1
259 3.131469e-04        1
260 1.049965e-02   0.0894
261 2.394561e-05        1
262 1.322625e-07        1
263 2.237333e-05        1
264 1.086183e-03        1
265 8.213894e-05        1
266 1.968365e-04        1
267 2.770460e-03        1
268 4.023707e-03        1
269 1.357694e-04        1
270 7.294989e-06        1
271 2.176767e-05        1
272 1.623584e-05        1
273 2.869521e-06        1
274 1.196571e-05        1
275 2.043301e-03        1
276 2.307920e-04        1
277 1.990019e-03        1
278 2.298491e-03        1
279 3.593553e-04        1
280 1.864048e-02 <0.01788
281 2.318950e-04        1
282 1.527547e-03        1
283 1.346075e-05        1
284 1.676461e-03        1
285 2.270012e-04        1
286 8.708448e-05        1
287 4.354357e-06        1
288 1.245708e-02 <0.01788
289 2.480996e-04        1
290 3.925836e-05        1
291 8.576176e-04        1
292 3.367918e-03        1
293 5.667482e-04        1
294 5.480330e-05        1
295 5.983504e-04        1
296 1.797896e-02        1
297 1.830679e-04        1
298 3.179472e-04        1
299 3.441510e-04        1
300 8.610035e-04        1
301 2.142905e-04        1
302 5.542946e-04        1
303 1.659469e-03        1
304 8.446405e-04        1
305 3.308150e-05        1
306 1.723140e-03        1
307 5.425630e-06        1
308 1.051338e-04        1
309 2.652645e-04        1
310 3.044088e-04        1
311 9.363507e-03  0.01788
312 4.127167e-04        1
313 1.954034e-06        1
314 6.519845e-05        1
315 1.368139e-03        1
316 1.071140e-03        1
317 3.746568e-03        1
318 1.804881e-03        1
319 3.002373e-05        1
320 6.694923e-05        1
321 1.038758e-03        1
322 2.117994e-06        1
323 4.822538e-04        1
324 1.699884e-04        1
325 1.920886e-04        1
326 7.561238e-04        1
327 1.675775e-04        1
328 1.007121e-04        1
329 2.805908e-05        1
330 6.398519e-05        1
331 2.359892e-04        1
332 1.576507e-04        1
333 7.723886e-06        1
334 9.063242e-05        1
335 1.736765e-04        1
336 1.861623e-06        1
337 1.811010e-04        1
338 1.713593e-04        1
339 3.187543e-05        1
340 8.879605e-06        1
341 2.926808e-03        1
342 4.767349e-05        1
343 7.030512e-04        1
344 2.718680e-03        1
345 1.989643e-04        1
346 5.645988e-06        1
347 8.295168e-04        1
348 2.673181e-03        1
349 1.240344e-05        1
350 2.695859e-04        1
351 3.202735e-05        1
352 1.176957e-04        1
353 1.442872e-03        1
354 1.243158e-04        1
355 2.046631e-05        1
356 9.001409e-04        1
357 2.661982e-03        1
358 1.503523e-03        1
359 2.474940e-04        1
360 1.051090e-04        1
361 1.505670e-04        1
362 7.909530e-04        1
363 3.319789e-04        1
364 2.753924e-04        1
365 1.849067e-04        1
366 5.451324e-04        1
367 2.693007e-03        1
368 4.513213e-03        1
369 1.131207e-04        1
370 2.177034e-03        1
371 1.006547e-03        1
372 3.904386e-04        1
373 1.216033e-04        1
374 6.040015e-04        1
375 7.706311e-03        1
376 6.324946e-05        1
377 9.375415e-05        1
378 1.750785e-04        1
379 1.201442e-04        1
380 2.814922e-03        1
381 3.161288e-03        1
382 2.980251e-06        1
383 6.596335e-03        1
384 1.289759e-05        1
385 2.798655e-03        1
386 6.107934e-04        1
387 3.394706e-03        1
388 7.296599e-04        1
389 3.261752e-08        1
390 3.949530e-05        1
391 6.465697e-04        1
392 7.285140e-04        1
393 5.755921e-05        1
394 4.811262e-03        1
395 2.684810e-03        1
396 1.990777e-03        1
397 6.946747e-05        1
398 2.922081e-03        1
399 1.407775e-03        1
400 3.762113e-03        1
401 2.846728e-03        1
402 1.890880e-03        1
403 1.076673e-04        1
404 2.998127e-04        1
405 1.294176e-03        1
406 2.812137e-04        1
407 2.510945e-03        1
408 8.474787e-04        1
409 6.038310e-04        1
410 7.189808e-05        1
411 9.774952e-04        1
412 2.130912e-04        1
413 1.677314e-05        1
414 1.156287e-03        1
415 7.272410e-03        1
416 7.482290e-04        1
417 1.633965e-04        1
418 7.570297e-05        1
419 9.194956e-04        1
420 4.155785e-04        1
421 4.131304e-06        1
422 5.821999e-04        1
423 8.886853e-04        1
424 8.516882e-05        1
425 2.019292e-04        1
426 5.598822e-05        1
427 4.222790e-06        1
428 3.344210e-05        1
429 1.482805e-03        1
430 7.625757e-05        1
431 3.772901e-04        1
432 2.388271e-03        1
433 7.453701e-04        1
434 1.623559e-05        1
435 2.747471e-04        1
436 4.102551e-04        1
437 1.191059e-05        1
438 1.970099e-03        1
439 1.285875e-03        1
440 6.135336e-05        1
441 9.147113e-05        1
442 6.373006e-04        1
443 3.820481e-04        1
444 7.535774e-04        1
445 2.845186e-04        1
446 3.298885e-03        1
447 8.736403e-08        1

$`MR-PRESSO results`$`Distortion Test`
$`MR-PRESSO results`$`Distortion Test`$`Outliers Indices`
[1] 182 280 288 311

$`MR-PRESSO results`$`Distortion Test`$`Distortion Coefficient`
beta.exposure 
    -35.17127 

$`MR-PRESSO results`$`Distortion Test`$Pvalue
[1] 0.71388



