$`Main MR results`
       Exposure       MR Analysis Causal Estimate          Sd    T-stat
1 beta.exposure               Raw     0.004093277 0.009864666 0.4149433
2 beta.exposure Outlier-corrected              NA          NA        NA
    P-value
1 0.6783848
2        NA

$`MR-PRESSO results`
$`MR-PRESSO results`$`Global Test`
$`MR-PRESSO results`$`Global Test`$RSSobs
[1] 541.6385

$`MR-PRESSO results`$`Global Test`$Pvalue
[1] 0.00104


$`MR-PRESSO results`$`Outlier Test`
          RSSobs  Pvalue
1   3.091977e-04       1
2   3.201081e-04       1
3   1.658814e-04       1
4   1.961518e-04       1
5   1.173516e-03       1
6   2.496566e-03       1
7   2.076624e-03       1
8   1.504041e-03       1
9   1.707967e-04       1
10  7.200825e-03       1
11  1.712161e-03       1
12  2.091372e-03       1
13  7.644734e-03       1
14  6.825077e-06       1
15  2.461091e-03       1
16  4.572796e-04       1
17  7.494652e-04       1
18  3.437675e-04       1
19  2.701150e-05       1
20  1.049410e-04       1
21  2.065658e-03       1
22  5.468011e-05       1
23  2.723706e-04       1
24  5.031856e-03       1
25  2.264893e-03       1
26  2.040900e-03       1
27  3.474078e-04       1
28  4.410828e-05       1
29  9.601388e-04       1
30  8.258195e-03       1
31  1.683845e-04       1
32  5.661788e-04       1
33  6.237664e-03       1
34  3.523763e-05       1
35  9.653191e-04       1
36  5.167840e-04       1
37  1.366246e-04       1
38  6.003184e-04       1
39  1.770885e-04       1
40  3.344049e-08       1
41  9.671524e-04       1
42  1.754572e-02       1
43  1.825791e-03       1
44  1.621897e-04       1
45  1.358235e-03       1
46  1.661548e-03       1
47  2.345979e-04       1
48  3.791191e-03       1
49  8.687097e-03       1
50  3.370445e-03       1
51  6.210364e-04       1
52  1.377665e-03       1
53  3.361429e-04       1
54  1.040221e-04       1
55  4.641927e-03       1
56  8.357280e-04       1
57  3.930206e-04       1
58  5.010891e-03       1
59  1.242783e-05       1
60  2.662229e-04       1
61  2.207141e-04       1
62  2.581619e-03       1
63  3.280898e-05       1
64  3.690643e-03       1
65  9.584171e-04       1
66  1.601436e-03       1
67  2.649025e-03       1
68  6.141167e-04       1
69  4.288345e-06       1
70  7.127881e-04       1
71  4.001725e-03       1
72  4.355467e-03       1
73  2.539443e-04       1
74  1.987470e-03       1
75  9.752075e-03       1
76  1.460849e-04       1
77  6.959265e-05       1
78  1.871445e-11       1
79  3.833096e-04       1
80  3.731152e-03       1
81  3.071360e-03       1
82  1.635094e-03       1
83  1.186539e-02 0.99232
84  1.338734e-03       1
85  4.379477e-04       1
86  9.917562e-03       1
87  3.372703e-03       1
88  3.655577e-04       1
89  1.269287e-03       1
90  5.760550e-03       1
91  6.307151e-09       1
92  3.472190e-04       1
93  4.955018e-05       1
94  6.885552e-05       1
95  1.876627e-03       1
96  4.474912e-05       1
97  7.880110e-04       1
98  1.051664e-02       1
99  5.024804e-04       1
100 8.344734e-03 0.95688
101 2.317747e-04       1
102 2.477175e-05       1
103 7.853625e-04       1
104 8.167300e-03       1
105 7.216899e-05       1
106 3.708136e-04       1
107 1.182594e-05       1
108 8.779202e-04       1
109 3.803745e-05       1
110 1.601215e-05       1
111 1.140311e-04       1
112 1.235918e-03       1
113 9.280451e-02       1
114 6.611227e-02       1
115 7.977841e-05       1
116 3.396319e-03       1
117 3.999257e-05       1
118 1.978941e-05       1
119 6.862283e-04       1
120 4.822707e-03       1
121 4.524621e-03       1
122 2.240974e-03       1
123 4.816348e-03       1
124 2.429798e-05       1
125 6.629928e-05       1
126 8.359043e-04       1
127 4.434455e-05       1
128 4.374927e-04       1
129 5.496024e-06       1
130 2.310046e-04       1
131 2.921495e-03       1
132 3.037323e-04       1
133 1.068554e-04       1
134 2.219477e-05       1
135 8.937741e-05       1
136 2.150214e-03       1
137 5.987222e-03       1
138 7.053486e-04       1
139 1.336533e-04       1
140 1.603399e-04       1
141 1.504271e-02       1
142 1.049913e-03       1
143 1.670005e-05       1
144 6.717589e-05       1
145 3.665345e-05       1
146 5.408444e-04       1
147 1.095610e-02       1
148 3.729199e-05       1
149 3.040415e-06       1
150 1.424694e-01       1
151 1.604954e-04       1
152 1.500624e-05       1
153 4.040443e-05       1
154 1.151164e-05       1
155 3.483392e-04       1
156 1.595929e-03       1
157 1.036360e-02       1
158 2.990391e-05       1
159 4.543994e-06       1
160 1.181142e-03       1
161 3.246010e-04       1
162 6.350405e-04       1
163 3.713265e-04       1
164 1.657484e-03       1
165 9.738099e-05       1
166 4.387269e-03       1
167 9.231705e-05       1
168 5.061668e-03       1
169 6.200398e-04       1
170 1.039028e-09       1
171 3.834170e-04       1
172 4.163989e-04       1
173 4.468235e-03       1
174 2.722169e-03       1
175 5.924067e-04       1
176 5.251934e-03       1
177 1.357750e-07       1
178 1.436169e-03       1
179 1.384037e-03       1
180 5.799522e-03       1
181 7.130562e-04       1
182 3.005279e-04       1
183 1.447638e-03       1
184 2.756586e-04       1
185 2.315826e-04       1
186 8.276427e-04       1
187 4.615410e-05       1
188 5.150415e-05       1
189 6.195210e-05       1
190 6.388324e-04       1
191 6.888674e-04       1
192 6.861182e-04       1
193 1.937857e-04       1
194 7.205197e-04       1
195 8.396981e-04       1
196 2.182093e-05       1
197 2.346792e-03       1
198 3.137659e-04       1
199 5.295775e-04       1
200 7.011313e-04       1
201 6.812714e-04       1
202 7.872106e-05       1
203 2.966693e-05       1
204 3.802203e-04       1
205 1.289010e-03       1
206 1.267514e-04       1
207 6.524636e-07       1
208 2.080203e-03       1
209 1.071026e-04       1
210 1.707450e-03       1
211 1.919882e-04       1
212 1.227318e-03       1
213 1.958746e-03       1
214 3.423800e-03       1
215 1.247295e-04       1
216 3.205633e-04       1
217 7.643826e-05       1
218 1.811961e-03       1
219 4.686901e-05       1
220 6.624861e-04       1
221 1.498006e-03       1
222 1.800090e-04       1
223 1.650921e-04       1
224 8.121581e-04       1
225 4.780409e-04       1
226 1.734428e-03       1
227 2.577965e-03       1
228 9.500464e-05       1
229 7.862216e-06       1
230 6.540978e-04       1
231 1.499383e-03       1
232 1.930776e-04       1
233 4.872276e-03       1
234 2.782737e-04       1
235 7.163203e-05       1
236 5.681677e-04       1
237 4.575993e-04       1
238 8.019413e-03       1
239 1.997001e-04       1
240 1.942471e-03       1
241 2.860505e-03       1
242 2.517880e-03       1
243 1.604792e-04       1
244 8.608523e-05       1
245 4.107559e-03       1
246 4.742202e-03       1
247 7.668804e-03       1
248 1.813264e-04       1
249 9.201394e-06       1
250 4.634593e-04       1
251 1.473157e-04       1
252 5.715765e-04       1
253 2.365696e-04       1
254 4.427170e-03       1
255 4.033194e-04       1
256 1.361882e-04       1
257 2.528402e-03       1
258 2.058666e-04       1
259 3.963559e-05       1
260 1.020016e-03       1
261 7.925919e-04       1
262 3.560600e-05       1
263 8.175017e-03       1
264 5.995982e-04       1
265 3.983788e-04       1
266 7.769193e-08       1
267 1.154902e-03       1
268 7.699224e-03       1
269 6.665244e-04       1
270 3.990598e-03       1
271 1.191622e-03       1
272 8.591683e-03       1
273 3.347331e-03       1
274 1.130015e-04       1
275 3.744189e-03       1
276 1.308999e-02  0.1772
277 1.235617e-02       1
278 9.349572e-04       1
279 2.185058e-03       1
280 1.061632e-03       1
281 8.727176e-04       1
282 1.157698e-05       1
283 3.040077e-03       1
284 7.313229e-03       1
285 5.418414e-03       1
286 6.739725e-07       1
287 5.750569e-05       1
288 4.811376e-04       1
289 7.871819e-04       1
290 8.694542e-05       1
291 1.071437e-06       1
292 1.276754e-03       1
293 1.298429e-03       1
294 1.518045e-04       1
295 6.034220e-09       1
296 1.169907e-03       1
297 1.428208e-05       1
298 3.530408e-03       1
299 1.260805e-03       1
300 1.228891e-03       1
301 7.975052e-07       1
302 3.536509e-03       1
303 1.685989e-04       1
304 1.037957e-02       1
305 1.877662e-03       1
306 3.613643e-03       1
307 3.750972e-03       1
308 9.143152e-05       1
309 1.002297e-02       1
310 7.657572e-07       1
311 1.244636e-04       1
312 1.199907e-03       1
313 9.035113e-03       1
314 1.353977e-03       1
315 3.478862e-03       1
316 1.101556e-03       1
317 3.963410e-03       1
318 4.882514e-04       1
319 3.324083e-04       1
320 1.085090e-03       1
321 3.750454e-04       1
322 7.516636e-06       1
323 1.655876e-05       1
324 2.372712e-05       1
325 1.217683e-03       1
326 2.095986e-03       1
327 1.194174e-05       1
328 1.614061e-03       1
329 5.912556e-04       1
330 7.543634e-05       1
331 4.502890e-05       1
332 6.589858e-05       1
333 2.175381e-05       1
334 5.192495e-04       1
335 1.339915e-04       1
336 2.545105e-03       1
337 1.120539e-03       1
338 8.824959e-04       1
339 2.706210e-03       1
340 1.440123e-04       1
341 2.957003e-05       1
342 8.173155e-04       1
343 4.182004e-04       1
344 3.032843e-03       1
345 6.322262e-04       1
346 4.140816e-05       1
347 1.953763e-05       1
348 3.904692e-04       1
349 4.148927e-03       1
350 4.398083e-04       1
351 4.377065e-04       1
352 4.722900e-03       1
353 8.457095e-04       1
354 1.596056e-04       1
355 1.350609e-03       1
356 1.428033e-03       1
357 1.884668e-05       1
358 5.286090e-04       1
359 2.976822e-03       1
360 1.891487e-04       1
361 5.993712e-04       1
362 5.215572e-04       1
363 3.855296e-03       1
364 1.049292e-02       1
365 1.923430e-03       1
366 2.018476e-03       1
367 5.106583e-03       1
368 2.981993e-03       1
369 5.073474e-03       1
370 1.157154e-02       1
371 5.846508e-03       1
372 1.378484e-04       1
373 1.208653e-03       1
374 2.565833e-03       1
375 1.478740e-03       1
376 1.652506e-03       1
377 7.527669e-05       1
378 1.385158e-04       1
379 3.095334e-03       1
380 3.275782e-03       1
381 7.358569e-03       1
382 2.696477e-04       1
383 4.516199e-05       1
384 1.041878e-02       1
385 2.159623e-03       1
386 2.996823e-03       1
387 1.239055e-03       1
388 6.011528e-03       1
389 4.350405e-05       1
390 1.864086e-01       1
391 1.083094e-03       1
392 2.021575e-02       1
393 4.486836e-04       1
394 4.347571e-03       1
395 4.982885e-03       1
396 2.008816e-03       1
397 6.654502e-05       1
398 3.414814e-06       1
399 2.037393e-03       1
400 2.918754e-03       1
401 2.105384e-03       1
402 7.266998e-04       1
403 1.415526e-03       1
404 1.003416e-04       1
405 4.336211e-03       1
406 1.219343e-06       1
407 8.679193e-07       1
408 3.208230e-04       1
409 2.517765e-04       1
410 6.462237e-04       1
411 1.252667e-02       1
412 1.967826e-05       1
413 3.297481e-08       1
414 5.361909e-04       1
415 1.248546e-03       1
416 7.139629e-04       1
417 2.590467e-03       1
418 1.006914e-03       1
419 9.486328e-04       1
420 2.245389e-03       1
421 7.879319e-04       1
422 5.261385e-07       1
423 6.968063e-04       1
424 9.377268e-04       1
425 1.652109e-04       1
426 3.513753e-04       1
427 5.154337e-04       1
428 2.595580e-03       1
429 1.111372e-03       1
430 5.834587e-04       1
431 1.565021e-03       1
432 8.836760e-04       1
433 3.778264e-06       1
434 1.020463e-03       1
435 1.077414e-03       1
436 1.843605e-03       1
437 1.685814e-03       1
438 4.447859e-04       1
439 9.527491e-04       1
440 1.617513e-04       1
441 2.331090e-04       1
442 4.022475e-06       1
443 3.493637e-03       1

$`MR-PRESSO results`$`Distortion Test`
$`MR-PRESSO results`$`Distortion Test`$`Outliers Indices`
[1] "No significant outliers"

$`MR-PRESSO results`$`Distortion Test`$`Distortion Coefficient`
[1] NA

$`MR-PRESSO results`$`Distortion Test`$Pvalue
[1] NA



