$`Main MR results`
       Exposure       MR Analysis Causal Estimate          Sd     T-stat
1 beta.exposure               Raw   -0.0007123908 0.001610397 -0.4423698
2 beta.exposure Outlier-corrected              NA          NA         NA
   P-value
1 0.658442
2       NA

$`MR-PRESSO results`
$`MR-PRESSO results`$`Global Test`
$`MR-PRESSO results`$`Global Test`$RSSobs
[1] 500.0829

$`MR-PRESSO results`$`Global Test`$Pvalue
[1] 0.01812


$`MR-PRESSO results`$`Outlier Test`
          RSSobs Pvalue
1   6.778433e-07      1
2   9.002309e-05      1
3   3.367904e-04      1
4   2.581625e-05      1
5   5.998873e-05      1
6   2.459633e-05      1
7   1.639097e-05      1
8   7.250988e-05      1
9   6.531803e-06      1
10  1.786179e-06      1
11  3.967693e-06      1
12  1.081669e-04      1
13  1.146405e-06      1
14  8.289929e-08      1
15  5.336824e-07      1
16  1.824196e-07      1
17  1.106843e-04      1
18  1.634054e-04      1
19  1.397644e-07      1
20  1.159782e-05      1
21  1.136395e-04      1
22  6.498295e-05      1
23  4.875440e-07      1
24  1.653843e-04      1
25  3.817825e-05      1
26  4.108235e-05      1
27  2.528538e-05      1
28  1.757329e-05      1
29  1.129556e-03      1
30  8.500178e-05      1
31  2.344937e-06      1
32  3.163697e-04      1
33  4.731590e-05      1
34  5.940020e-04      1
35  3.747846e-05      1
36  3.734777e-04      1
37  5.190995e-05      1
38  1.219816e-04      1
39  1.782379e-04      1
40  1.649897e-05      1
41  1.731063e-04      1
42  1.074131e-04      1
43  1.229325e-03      1
44  2.965741e-05      1
45  2.893896e-05      1
46  1.913209e-04      1
47  2.895740e-04      1
48  5.164690e-04      1
49  1.604011e-07      1
50  2.679344e-05      1
51  4.333365e-07      1
52  1.709335e-04      1
53  2.556599e-05      1
54  5.262048e-04      1
55  1.525151e-06      1
56  4.025923e-06      1
57  3.911963e-05      1
58  1.910585e-04      1
59  4.626473e-05      1
60  2.605974e-07      1
61  2.491977e-05      1
62  1.152020e-04      1
63  4.577568e-06      1
64  1.490909e-04      1
65  9.551492e-05      1
66  1.089368e-04      1
67  2.725857e-04      1
68  8.435343e-07      1
69  3.442993e-04      1
70  1.695506e-05      1
71  3.407150e-04      1
72  1.652825e-05      1
73  3.825438e-05      1
74  3.951324e-06      1
75  9.976869e-07      1
76  9.200272e-06      1
77  5.831526e-06      1
78  1.911307e-07      1
79  8.289510e-05      1
80  5.943633e-07      1
81  1.323704e-04      1
82  4.657623e-05      1
83  1.404316e-04      1
84  6.012870e-05      1
85  9.262834e-05      1
86  7.853735e-05      1
87  2.983528e-04      1
88  4.754976e-06      1
89  1.141558e-04      1
90  2.881200e-05      1
91  7.478767e-05      1
92  1.937179e-05      1
93  7.048994e-08      1
94  2.427363e-04      1
95  1.287508e-04      1
96  1.164731e-04      1
97  3.563489e-06      1
98  1.146576e-04      1
99  1.940493e-05      1
100 3.536226e-04      1
101 2.953230e-04      1
102 6.055192e-05      1
103 2.942451e-07      1
104 2.502392e-05      1
105 2.063120e-04      1
106 4.070124e-05      1
107 7.837023e-05      1
108 7.107127e-04      1
109 1.690557e-05      1
110 1.334980e-03      1
111 1.006782e-05      1
112 1.089215e-04      1
113 4.309601e-06      1
114 1.693105e-05      1
115 7.259397e-05      1
116 7.919898e-05      1
117 1.215567e-04      1
118 4.222395e-04      1
119 3.011384e-04      1
120 3.174071e-04      1
121 2.338828e-04      1
122 6.047187e-06      1
123 2.765121e-04      1
124 1.627258e-05      1
125 1.694841e-05      1
126 6.816778e-06      1
127 6.543860e-05      1
128 4.683800e-04      1
129 1.765822e-04      1
130 4.246391e-06      1
131 7.780819e-05      1
132 1.381955e-04      1
133 2.449884e-04      1
134 6.644238e-05      1
135 3.542790e-04      1
136 5.522738e-06      1
137 9.727656e-05      1
138 5.583243e-05      1
139 5.522002e-04      1
140 1.023632e-07      1
141 3.902053e-05      1
142 9.616034e-06      1
143 8.419711e-06      1
144 1.866786e-04      1
145 1.011094e-05      1
146 1.253024e-04      1
147 3.506235e-06      1
148 1.558432e-04      1
149 8.876149e-04      1
150 1.778262e-05      1
151 2.997340e-05      1
152 5.752302e-07      1
153 2.127800e-05      1
154 2.008998e-04      1
155 2.233485e-04      1
156 2.160398e-07      1
157 6.017365e-05      1
158 2.248087e-05      1
159 2.458500e-04      1
160 4.185488e-05      1
161 3.037268e-04      1
162 3.508896e-04      1
163 3.637453e-04      1
164 1.321667e-05      1
165 3.471789e-06      1
166 9.863440e-05      1
167 7.878379e-06      1
168 1.114096e-04      1
169 4.510645e-05      1
170 2.243408e-04      1
171 4.324361e-04      1
172 8.424495e-05      1
173 1.319872e-04      1
174 1.198401e-04      1
175 2.831880e-05      1
176 1.113922e-04      1
177 2.054687e-04      1
178 3.545467e-04      1
179 1.709180e-05      1
180 2.319658e-07      1
181 7.046341e-05      1
182 4.026777e-05      1
183 8.045204e-05      1
184 2.912239e-04      1
185 2.620340e-06      1
186 1.935866e-04      1
187 1.597789e-05      1
188 8.489107e-07      1
189 7.304311e-06      1
190 2.220667e-05      1
191 3.826538e-04      1
192 6.181167e-05      1
193 8.043436e-05      1
194 3.356203e-05      1
195 3.554866e-04      1
196 4.973714e-05      1
197 7.486348e-07      1
198 1.378416e-05      1
199 4.631317e-05      1
200 1.650430e-04      1
201 5.499055e-05      1
202 8.967036e-05      1
203 1.694822e-04      1
204 7.600081e-04 0.3828
205 2.155101e-06      1
206 4.827167e-07      1
207 3.600023e-05      1
208 4.787050e-07      1
209 2.542178e-04      1
210 1.724452e-05      1
211 7.332861e-07      1
212 1.526793e-05      1
213 1.762087e-05      1
214 5.896103e-05      1
215 2.535894e-05      1
216 2.122657e-04      1
217 4.280490e-05      1
218 6.933786e-05      1
219 9.996664e-08      1
220 2.622743e-05      1
221 4.831005e-05      1
222 1.749930e-04      1
223 6.588638e-05      1
224 3.021929e-05      1
225 8.123560e-05      1
226 1.197193e-04      1
227 3.361999e-07      1
228 3.725778e-08      1
229 9.899979e-06      1
230 2.555516e-05      1
231 5.288597e-06      1
232 2.581094e-05      1
233 2.240507e-05      1
234 3.431616e-06      1
235 1.019681e-05      1
236 2.050827e-08      1
237 5.085044e-06      1
238 1.501398e-04      1
239 8.479364e-06      1
240 7.554426e-06      1
241 1.362250e-04      1
242 1.102733e-04      1
243 1.209494e-04      1
244 6.617296e-05      1
245 8.135624e-05      1
246 6.174890e-05      1
247 1.300063e-05      1
248 8.874963e-05      1
249 7.277371e-04      1
250 2.770140e-06      1
251 1.399862e-06      1
252 5.757920e-06      1
253 4.353955e-04      1
254 1.323709e-04      1
255 1.239298e-04      1
256 5.079267e-06      1
257 5.506805e-04      1
258 2.123304e-04      1
259 2.708631e-04      1
260 3.187720e-07      1
261 3.969003e-06      1
262 7.126976e-06      1
263 3.563547e-05      1
264 1.736381e-05      1
265 3.945288e-04      1
266 4.083156e-05      1
267 6.045037e-05      1
268 3.625647e-04      1
269 7.475429e-05      1
270 5.248667e-05      1
271 7.338970e-05      1
272 7.087947e-04 0.4176
273 5.889573e-05      1
274 3.698242e-06      1
275 1.569154e-04      1
276 9.976477e-05      1
277 6.923886e-06      1
278 6.974763e-05      1
279 1.032354e-04      1
280 3.227616e-09      1
281 4.564108e-05      1
282 1.332714e-04      1
283 7.393738e-06      1
284 1.677816e-05      1
285 6.146868e-04      1
286 6.166563e-04      1
287 3.546173e-04      1
288 1.181962e-04      1
289 8.982511e-05      1
290 6.701603e-07      1
291 1.615716e-03      1
292 1.087483e-06      1
293 4.763659e-09      1
294 4.177096e-05      1
295 2.165627e-05      1
296 7.761649e-05      1
297 6.925523e-05      1
298 2.150609e-04      1
299 8.623218e-05      1
300 6.260229e-05      1
301 3.689728e-06      1
302 6.983233e-06      1
303 4.097718e-05      1
304 1.489631e-06      1
305 3.152013e-04      1
306 7.225539e-05      1
307 1.562000e-04      1
308 9.387288e-05      1
309 1.078444e-07      1
310 2.361970e-04      1
311 8.171209e-05      1
312 8.968181e-05      1
313 8.451256e-07      1
314 2.520432e-04      1
315 1.433510e-04      1
316 5.766386e-05      1
317 5.097377e-05      1
318 3.502491e-04      1
319 3.414193e-06      1
320 7.845446e-05      1
321 7.592330e-05      1
322 3.221641e-06      1
323 1.068212e-04      1
324 2.771706e-04      1
325 8.100423e-05      1
326 3.597898e-06      1
327 3.035403e-05      1
328 1.604953e-04      1
329 3.300079e-04      1
330 3.114092e-05      1
331 2.889992e-04      1
332 3.110582e-06      1
333 6.670942e-04      1
334 7.955806e-05      1
335 6.328549e-06      1
336 1.821348e-06      1
337 1.052209e-04      1
338 6.880498e-05      1
339 1.877733e-06      1
340 2.868086e-04      1
341 9.111486e-05      1
342 5.053304e-06      1
343 6.883944e-04      1
344 7.270513e-05      1
345 2.278494e-06      1
346 8.930731e-06      1
347 2.566697e-05      1
348 3.031016e-04      1
349 1.752286e-04      1
350 1.702156e-05      1
351 4.894631e-06      1
352 2.018237e-04      1
353 3.812222e-05      1
354 2.354934e-04      1
355 6.438233e-06      1
356 1.318479e-04      1
357 5.864274e-04      1
358 1.128936e-04      1
359 2.283316e-04      1
360 2.140810e-04      1
361 1.056011e-04      1
362 1.978164e-05      1
363 2.541038e-05      1
364 4.751513e-05      1
365 5.903570e-05      1
366 1.814380e-04      1
367 3.016918e-06      1
368 3.918899e-04      1
369 5.381848e-05      1
370 1.584096e-06      1
371 9.538219e-04      1
372 2.437788e-08      1
373 1.299766e-03      1
374 1.004653e-05      1
375 8.247850e-06      1
376 1.767523e-05      1
377 1.211842e-07      1
378 7.664779e-04      1
379 1.278652e-04      1
380 5.092334e-06      1
381 2.965384e-04      1
382 2.013698e-09      1
383 1.456413e-04      1
384 7.643370e-05      1
385 3.772806e-06      1
386 2.569230e-04      1
387 2.966803e-07      1
388 8.481112e-04      1
389 5.508881e-06      1
390 5.708458e-05      1
391 1.029693e-04      1
392 7.181326e-05      1
393 5.310908e-05      1
394 5.933940e-07      1
395 2.010602e-05      1
396 3.068924e-04      1
397 1.241748e-05      1
398 1.475744e-05      1
399 1.122656e-04      1
400 2.897589e-06      1
401 1.986791e-06      1
402 1.967195e-05      1
403 4.694227e-06      1
404 5.137750e-06      1
405 1.723971e-04      1
406 3.646408e-04      1
407 5.451337e-05      1
408 6.501983e-05      1
409 2.223887e-04      1
410 3.730128e-06      1
411 3.799112e-04      1
412 4.952658e-06      1
413 5.238244e-05      1
414 2.557201e-04      1
415 1.933874e-04      1
416 3.897340e-05      1
417 3.677962e-04      1
418 1.097724e-04      1
419 3.462294e-07      1
420 1.193740e-04      1
421 2.024249e-05      1
422 2.542784e-05      1
423 2.233196e-05      1
424 4.394793e-07      1
425 1.088048e-04      1
426 7.221568e-05      1
427 3.986415e-06      1
428 8.345477e-06      1
429 2.894762e-04      1
430 5.767774e-06      1
431 2.337291e-04      1
432 1.335685e-05      1
433 1.840523e-04      1
434 5.962089e-04      1
435 3.134107e-05      1

$`MR-PRESSO results`$`Distortion Test`
$`MR-PRESSO results`$`Distortion Test`$`Outliers Indices`
[1] "No significant outliers"

$`MR-PRESSO results`$`Distortion Test`$`Distortion Coefficient`
[1] NA

$`MR-PRESSO results`$`Distortion Test`$Pvalue
[1] NA



