$`Main MR results`
       Exposure       MR Analysis Causal Estimate         Sd   T-stat
1 beta.exposure               Raw       0.4602759 0.07336116 6.274109
2 beta.exposure Outlier-corrected              NA         NA       NA
       P-value
1 7.590554e-10
2           NA

$`MR-PRESSO results`
$`MR-PRESSO results`$`Global Test`
$`MR-PRESSO results`$`Global Test`$RSSobs
[1] 590.6031

$`MR-PRESSO results`$`Global Test`$Pvalue
[1] 0.00544


$`MR-PRESSO results`$`Outlier Test`
          RSSobs Pvalue
1   9.345978e-04      1
2   4.211098e-04      1
3   1.810294e-03      1
4   8.150132e-04      1
5   4.744063e-03      1
6   9.056211e-04      1
7   1.742440e-04      1
8   7.708149e-04      1
9   4.501578e-04      1
10  2.091087e-03      1
11  1.264437e-04      1
12  9.219268e-04      1
13  1.244559e-04      1
14  1.516336e-03      1
15  1.597068e-03      1
16  9.257323e-05      1
17  1.551026e-05      1
18  1.339859e-05      1
19  5.420255e-04      1
20  1.352577e-03      1
21  8.300424e-04      1
22  3.854180e-05      1
23  2.315735e-05      1
24  9.828459e-05      1
25  8.356977e-05      1
26  8.205970e-04      1
27  2.269430e-03      1
28  1.056303e-03      1
29  1.287371e-03      1
30  1.026951e-03      1
31  2.481625e-05      1
32  1.476928e-03      1
33  2.296933e-04      1
34  1.041405e-06      1
35  4.233801e-05      1
36  2.153754e-04      1
37  8.963057e-06      1
38  2.085718e-05      1
39  1.550977e-04      1
40  8.524910e-04      1
41  3.295201e-04      1
42  9.052338e-05      1
43  2.344187e-03      1
44  2.171141e-03      1
45  3.855155e-04      1
46  4.726617e-05      1
47  2.445516e-04      1
48  2.324101e-03      1
49  2.638606e-04      1
50  1.818004e-04      1
51  2.232015e-05      1
52  6.371169e-05      1
53  5.931794e-05      1
54  2.526133e-04      1
55  2.964137e-05      1
56  1.189139e-04      1
57  3.232345e-04      1
58  7.223470e-03      1
59  5.093602e-04      1
60  2.032001e-04      1
61  1.251880e-05      1
62  3.468474e-04      1
63  1.278114e-03      1
64  4.633626e-04      1
65  1.055508e-04      1
66  1.990132e-03      1
67  3.516357e-04      1
68  3.341344e-03      1
69  9.183561e-04      1
70  1.213323e-03      1
71  1.184701e-03      1
72  1.525527e-04      1
73  1.224977e-04      1
74  9.966698e-05      1
75  4.226405e-05      1
76  5.112010e-04      1
77  3.918518e-03      1
78  1.839439e-03      1
79  1.620845e-03      1
80  5.028863e-05      1
81  3.693115e-04      1
82  1.612559e-03      1
83  6.468854e-03      1
84  4.173767e-03      1
85  3.084320e-04      1
86  1.617537e-04      1
87  2.875813e-06      1
88  2.754609e-03      1
89  1.535502e-05      1
90  4.057248e-03      1
91  8.600817e-07      1
92  1.409479e-06      1
93  1.662358e-03      1
94  1.077199e-03      1
95  7.478977e-04      1
96  1.410275e-04      1
97  2.396697e-03      1
98  8.781886e-04      1
99  6.430213e-05      1
100 8.178037e-04      1
101 5.998566e-04      1
102 1.925517e-04      1
103 2.939487e-04      1
104 9.719697e-04      1
105 9.926203e-05      1
106 9.095087e-04      1
107 4.334344e-05      1
108 6.011676e-04      1
109 2.668223e-03      1
110 2.366223e-06      1
111 3.726080e-04      1
112 3.130632e-04      1
113 3.016872e-04      1
114 2.283207e-03      1
115 5.879154e-05      1
116 4.569240e-05      1
117 2.204958e-04      1
118 8.331621e-04      1
119 7.428738e-07      1
120 6.195182e-05      1
121 1.412078e-03      1
122 1.055045e-03      1
123 5.960908e-03      1
124 3.941091e-03      1
125 2.453297e-03      1
126 5.632829e-05      1
127 4.794015e-05      1
128 1.200501e-04      1
129 4.562115e-04      1
130 2.826818e-06      1
131 4.962393e-03      1
132 2.236372e-04      1
133 1.000087e-05      1
134 2.966006e-05      1
135 6.096314e-04      1
136 5.579680e-04      1
137 1.887880e-04      1
138 8.334530e-05      1
139 3.183523e-03      1
140 6.647992e-04      1
141 5.259141e-03      1
142 2.818771e-03      1
143 3.370734e-03      1
144 2.457347e-04      1
145 2.608254e-04      1
146 2.207060e-03      1
147 5.523861e-06      1
148 2.231985e-04      1
149 2.490247e-04      1
150 1.028565e-03      1
151 4.821750e-04      1
152 3.006468e-04      1
153 5.084466e-04      1
154 2.659919e-04      1
155 2.125630e-06      1
156 1.639313e-04      1
157 4.913547e-04      1
158 1.799360e-04      1
159 1.001932e-04      1
160 3.837446e-04      1
161 5.480726e-04      1
162 9.339816e-04      1
163 2.506201e-03      1
164 1.533849e-03      1
165 1.140823e-03      1
166 2.306372e-03      1
167 3.133710e-08      1
168 1.824760e-04      1
169 1.615474e-03      1
170 5.239092e-04      1
171 4.205927e-04      1
172 5.942863e-05      1
173 5.952444e-04      1
174 9.029606e-05      1
175 6.504672e-04      1
176 5.525616e-03      1
177 7.293842e-04      1
178 4.482202e-04      1
179 8.830237e-04      1
180 8.385044e-04      1
181 2.664084e-03      1
182 1.652630e-08      1
183 4.918917e-04      1
184 1.093453e-04      1
185 4.968417e-04      1
186 2.055748e-04      1
187 1.491272e-05      1
188 6.307620e-05      1
189 5.179099e-04      1
190 1.633546e-04      1
191 2.134968e-04      1
192 2.419748e-03      1
193 5.209032e-05      1
194 7.328913e-07      1
195 2.742157e-03      1
196 2.819270e-07      1
197 4.164992e-04      1
198 1.676234e-04      1
199 1.244417e-03      1
200 3.104074e-04      1
201 6.940172e-05      1
202 1.240891e-03      1
203 9.982792e-05      1
204 6.182373e-04      1
205 9.006761e-05      1
206 5.185868e-04      1
207 3.550155e-06      1
208 5.373167e-06      1
209 3.891613e-04      1
210 3.412923e-06      1
211 3.414090e-03      1
212 5.681593e-03      1
213 1.673302e-04      1
214 6.348104e-04      1
215 1.052898e-03      1
216 2.270929e-07      1
217 3.326069e-05      1
218 2.583705e-03      1
219 1.492652e-03      1
220 8.219319e-07      1
221 1.273802e-03      1
222 4.101714e-03      1
223 2.422281e-04      1
224 2.362250e-04      1
225 5.732994e-04      1
226 1.011607e-04      1
227 1.685623e-05      1
228 1.013000e-03      1
229 1.382128e-04      1
230 2.124955e-04      1
231 5.653444e-04      1
232 2.094072e-03      1
233 1.443258e-03      1
234 4.877563e-05      1
235 9.637157e-04      1
236 8.940064e-04      1
237 2.584501e-04      1
238 2.264874e-04      1
239 9.769819e-04      1
240 4.172639e-05      1
241 3.753069e-03      1
242 2.208569e-04      1
243 1.130866e-03      1
244 1.599997e-03      1
245 2.166475e-04      1
246 4.530378e-06      1
247 2.671003e-05      1
248 1.738723e-03      1
249 6.909690e-06      1
250 1.064224e-04      1
251 1.372581e-04      1
252 4.701086e-04      1
253 3.756352e-03      1
254 1.613131e-04      1
255 5.644957e-03      1
256 2.671668e-04      1
257 1.260114e-04      1
258 5.331540e-04      1
259 6.180319e-04      1
260 4.745122e-04      1
261 1.209554e-05      1
262 4.256792e-04      1
263 1.242866e-04      1
264 8.859614e-05      1
265 5.030132e-04      1
266 8.636278e-04      1
267 1.112413e-03      1
268 1.451879e-03      1
269 1.235224e-04      1
270 9.408541e-04      1
271 1.805595e-07      1
272 3.532997e-04      1
273 2.571070e-04      1
274 2.806729e-06      1
275 1.441246e-03      1
276 1.481724e-03      1
277 1.340839e-05      1
278 3.730364e-05      1
279 4.364729e-04      1
280 6.874584e-05      1
281 7.334999e-04      1
282 9.285292e-04      1
283 8.806059e-04      1
284 2.562778e-04      1
285 1.114877e-03      1
286 9.626995e-03      1
287 2.203660e-04      1
288 4.067698e-04      1
289 1.061098e-03      1
290 1.202609e-03      1
291 1.333410e-03      1
292 1.126055e-04      1
293 3.078227e-03      1
294 5.219917e-06      1
295 1.082110e-04      1
296 1.882762e-05      1
297 3.903918e-05      1
298 1.300482e-03      1
299 4.963128e-06      1
300 9.763904e-05      1
301 1.241897e-03      1
302 3.183395e-04      1
303 1.373113e-03      1
304 4.346794e-05      1
305 1.756839e-04      1
306 1.040269e-03      1
307 3.040549e-04      1
308 7.786922e-07      1
309 2.572656e-04      1
310 1.796927e-05      1
311 1.695450e-03      1
312 3.812364e-05      1
313 5.618945e-08      1
314 1.074816e-06      1
315 6.522838e-05      1
316 2.813980e-04      1
317 7.324289e-04      1
318 5.119994e-04      1
319 6.152567e-04      1
320 4.154098e-03      1
321 4.530479e-05      1
322 1.798586e-03      1
323 7.069230e-03      1
324 1.652081e-04      1
325 5.040131e-04      1
326 2.807086e-03      1
327 1.153315e-03      1
328 5.076474e-04      1
329 1.575144e-04      1
330 1.898622e-05      1
331 3.895896e-04      1
332 4.592190e-04      1
333 2.027228e-03      1
334 3.609564e-05      1
335 4.570697e-05      1
336 2.743358e-04      1
337 9.460214e-04      1
338 2.305094e-04      1
339 3.391937e-04      1
340 8.422001e-04      1
341 1.078707e-04      1
342 3.569949e-05      1
343 1.291190e-05      1
344 1.531234e-04      1
345 4.357384e-04      1
346 4.535979e-05      1
347 2.971456e-06      1
348 7.211788e-04      1
349 2.010631e-03      1
350 7.506615e-04      1
351 7.701191e-05      1
352 3.817128e-04      1
353 3.287202e-03      1
354 1.773338e-04      1
355 1.001232e-03      1
356 1.363164e-03      1
357 2.378634e-03      1
358 7.261272e-05      1
359 1.263255e-05      1
360 1.755569e-05      1
361 1.858214e-03      1
362 4.840506e-03      1
363 1.010065e-05      1
364 1.838324e-03      1
365 4.339703e-05      1
366 5.217860e-04      1
367 8.391529e-04      1
368 4.234621e-05      1
369 1.834625e-05      1
370 8.246662e-04      1
371 3.826915e-04      1
372 8.579543e-05      1
373 6.033260e-05      1
374 1.047054e-03      1
375 2.504491e-03      1
376 6.538545e-04      1
377 1.202057e-03      1
378 7.476851e-05      1
379 4.316866e-04      1
380 2.606261e-04      1
381 1.090142e-06      1
382 5.669376e-05      1
383 1.841910e-04      1
384 6.598828e-05      1
385 8.391523e-04      1
386 2.249575e-06      1
387 9.898125e-04      1
388 6.289179e-05      1
389 1.050085e-04      1
390 1.094904e-04      1
391 1.452902e-03      1
392 2.181325e-04      1
393 1.258552e-05      1
394 1.517588e-04      1
395 3.994605e-05      1
396 1.613206e-04      1
397 4.901043e-04      1
398 2.083977e-04      1
399 6.896386e-04      1
400 8.722374e-04      1
401 1.251118e-03      1
402 2.318830e-05      1
403 2.355186e-04      1
404 4.004080e-04      1
405 5.104413e-04      1
406 9.008942e-05      1
407 1.796119e-05      1
408 1.201614e-04      1
409 4.749621e-05      1
410 1.081555e-02      1
411 1.995534e-05      1
412 1.332461e-03      1
413 1.420687e-03      1
414 7.269219e-07      1
415 1.569435e-06      1
416 1.887232e-04      1
417 1.534699e-04      1
418 1.055489e-04      1
419 5.402449e-06      1
420 8.292178e-04      1
421 2.458269e-04      1
422 3.495833e-05      1
423 6.338875e-03      1
424 4.502822e-05      1
425 3.956599e-06      1
426 1.301277e-03      1
427 1.512185e-03      1
428 3.040215e-03      1
429 1.270959e-04      1
430 4.114580e-04      1
431 6.077425e-05      1
432 8.175007e-04      1
433 1.541230e-05      1
434 5.877048e-05      1
435 3.938768e-04      1
436 5.346341e-05      1
437 1.898273e-04      1
438 5.590391e-04      1
439 9.021488e-04      1
440 2.074462e-03      1
441 1.342715e-03      1
442 1.129799e-04      1
443 4.567653e-04      1
444 6.523746e-05      1
445 6.375320e-04      1
446 8.220717e-06      1
447 4.228915e-03      1
448 1.338473e-03      1
449 1.041892e-03      1
450 2.719863e-03      1
451 5.328832e-04      1
452 1.484682e-03      1
453 1.135378e-03      1
454 3.433666e-03      1
455 4.125179e-04      1
456 3.089968e-05      1
457 5.554777e-04      1
458 4.570834e-05      1
459 2.123846e-04      1
460 1.023005e-03      1
461 1.481314e-03      1
462 3.149463e-04      1
463 4.095917e-06      1
464 1.017283e-03      1
465 3.437746e-04      1
466 8.461610e-04      1
467 4.190712e-05      1
468 1.156819e-03      1
469 8.042130e-04      1
470 5.769333e-04      1
471 8.651866e-04      1
472 6.838550e-04      1
473 7.368175e-05      1
474 7.887292e-06      1
475 5.454040e-04      1
476 9.050235e-05      1
477 3.910427e-05      1
478 4.444959e-04      1
479 1.554106e-03      1
480 3.978064e-04      1
481 3.139985e-05      1
482 4.216310e-06      1
483 8.937044e-05      1
484 3.312864e-04      1
485 1.533840e-03      1
486 3.534313e-04      1
487 2.224415e-04      1
488 5.263710e-04      1
489 3.252504e-04      1
490 1.524742e-04      1
491 1.324976e-03      1
492 4.493860e-05      1
493 1.590531e-03      1
494 4.315921e-05      1
495 8.981655e-04      1
496 5.710978e-05      1
497 7.560213e-04      1
498 8.991843e-04      1
499 4.227793e-03      1
500 4.384441e-04      1
501 3.597178e-03      1
502 5.704035e-04      1
503 1.209842e-03      1
504 1.554624e-04      1

$`MR-PRESSO results`$`Distortion Test`
$`MR-PRESSO results`$`Distortion Test`$`Outliers Indices`
[1] "No significant outliers"

$`MR-PRESSO results`$`Distortion Test`$`Distortion Coefficient`
[1] NA

$`MR-PRESSO results`$`Distortion Test`$Pvalue
[1] NA



