SNP	CHROM	POS	REF	ALT	AF	BETA	SE	Z	P	N	TRAIT
rs7525101	1	165109131	C	T	0.499636	0.027279	0.15125	0.18035702479338844	0.8569	2	COVID:_hospitalized_vs._not_hospitalized__woUKBB
rs10927035	1	243703982	C	T	0.63671	0.1751	0.15525999999999998	1.1277856498776249	0.2594	2	COVID:_hospitalized_vs._not_hospitalized__woUKBB
rs13093972	3	114987255	A	G	0.410857	0.35176	0.16149000000000002	2.178215369372716	0.02939	2	COVID:_hospitalized_vs._not_hospitalized__woUKBB
rs55853808	3	182053946	A	G	0.170588	0.033116	0.22691999999999998	0.1459368940595805	0.884	2	COVID:_hospitalized_vs._not_hospitalized__woUKBB
rs10475169	5	2555514	A	C	0.126722	-0.26723	0.22063000000000002	-1.2112133436069437	0.2258	2	COVID:_hospitalized_vs._not_hospitalized__woUKBB
rs6453022	5	73076511	C	A	0.477856	0.11782999999999999	0.15707000000000002	0.7501750811739987	0.4531	2	COVID:_hospitalized_vs._not_hospitalized__woUKBB
rs306574	5	94049523	A	G	0.505087	0.21223000000000003	0.15310000000000001	1.3862181580666233	0.1657	2	COVID:_hospitalized_vs._not_hospitalized__woUKBB
rs1928176	6	21968899	A	G	0.49582	0.025569	0.1646	0.1553402187120292	0.8765	2	COVID:_hospitalized_vs._not_hospitalized__woUKBB
rs217287	6	84407466	C	T	0.460436	-0.01895	0.15622	-0.12130329023172451	0.9035	2	COVID:_hospitalized_vs._not_hospitalized__woUKBB
rs9493627	6	133789728	G	A	0.295926	-0.3877	0.16879	-2.2969370223354466	0.02162	2	COVID:_hospitalized_vs._not_hospitalized__woUKBB
rs2236401	6	158504981	C	T	0.500911	0.2242	0.15885	1.4113943972300915	0.1581	2	COVID:_hospitalized_vs._not_hospitalized__woUKBB
rs9691831	7	138498348	A	G	0.559397	-0.10452	0.1586	-0.659016393442623	0.5099	2	COVID:_hospitalized_vs._not_hospitalized__woUKBB
rs3890736	8	21532239	G	A	0.399126	-0.089188	0.16062	-0.555273315900884	0.5787	2	COVID:_hospitalized_vs._not_hospitalized__woUKBB
rs76837345	8	82668818	A	G	0.0622279	0.16709000000000002	0.35919	0.46518555639076814	0.6418	2	COVID:_hospitalized_vs._not_hospitalized__woUKBB
rs1962104	8	141635329	T	C	0.539034	-0.14538	0.15436	-0.9418243068152372	0.3463	2	COVID:_hospitalized_vs._not_hospitalized__woUKBB
rs4948502	10	63839417	T	C	0.410247	0.032602	0.1547	0.21074337427278603	0.8331	2	COVID:_hospitalized_vs._not_hospitalized__woUKBB
rs11596052	10	80520313	T	C	0.203017	-0.025081	0.20284000000000002	-0.12364918162098204	0.9016	2	COVID:_hospitalized_vs._not_hospitalized__woUKBB
rs1097215	10	94787804	G	A	0.455754	0.13607	0.15523	0.8765702505958899	0.3807	2	COVID:_hospitalized_vs._not_hospitalized__woUKBB
rs10901863	10	126812270	C	T	0.267395	0.023808000000000003	0.17431	0.13658424645746087	0.8914	2	COVID:_hospitalized_vs._not_hospitalized__woUKBB
rs55635402	11	8056913	A	G	0.218944	-0.17658	0.20767	-0.8502913275870371	0.3952	2	COVID:_hospitalized_vs._not_hospitalized__woUKBB
rs141403654	11	47715487	A	T	0.0187273	-0.86545	0.55303	-1.564924145163915	0.1176	2	COVID:_hospitalized_vs._not_hospitalized__woUKBB
rs12552	13	53625781	A	G	0.589422	-0.071355	0.16165	-0.4414166408908135	0.6589	2	COVID:_hospitalized_vs._not_hospitalized__woUKBB
rs9517282	13	99059183	C	A	0.509815	-0.27586	0.15411	-1.7900201155019142	0.07343999999999999	2	COVID:_hospitalized_vs._not_hospitalized__woUKBB
rs1566129	14	52514912	T	C	0.642468	-0.026292000000000003	0.17118	-0.1535927094286716	0.8779	2	COVID:_hospitalized_vs._not_hospitalized__woUKBB
rs62015206	15	52374075	C	T	0.544154	0.19693	0.1519	1.296445029624753	0.1948	2	COVID:_hospitalized_vs._not_hospitalized__woUKBB
rs62033400	16	53811788	A	G	0.434617	-0.08257300000000001	0.15399000000000002	-0.536223131372167	0.5918	2	COVID:_hospitalized_vs._not_hospitalized__woUKBB
rs17671352	17	7127718	T	C	0.65	0.031714	0.16715	0.18973377206102304	0.8495	2	COVID:_hospitalized_vs._not_hospitalized__woUKBB
rs4611552	18	52636091	T	C	0.235668	-0.3349	0.20247	-1.6540722082283792	0.09812	2	COVID:_hospitalized_vs._not_hospitalized__woUKBB
rs132929	22	38487002	G	A	0.43607	-0.10575999999999999	0.16627	-0.6360738557767486	0.5247	2	COVID:_hospitalized_vs._not_hospitalized__woUKBB
rs36062310	22	50988105	G	A	0.0345832	0.45503000000000005	0.36558	1.2446796870725971	0.2132	2	COVID:_hospitalized_vs._not_hospitalized__woUKBB
rs12027345	NA	NA	NA	NA	NA	NA	NA	NA	NA	NA	NA
rs62188635	NA	NA	NA	NA	NA	NA	NA	NA	NA	NA	NA
rs35414371	NA	NA	NA	NA	NA	NA	NA	NA	NA	NA	NA
rs13204736	NA	NA	NA	NA	NA	NA	NA	NA	NA	NA	NA
rs62646255	NA	NA	NA	NA	NA	NA	NA	NA	NA	NA	NA
rs4947828	NA	NA	NA	NA	NA	NA	NA	NA	NA	NA	NA
rs2270550	NA	NA	NA	NA	NA	NA	NA	NA	NA	NA	NA
rs7951935	NA	NA	NA	NA	NA	NA	NA	NA	NA	NA	NA
rs67307131	NA	NA	NA	NA	NA	NA	NA	NA	NA	NA	NA
rs12938775	NA	NA	NA	NA	NA	NA	NA	NA	NA	NA	NA
