$`Main MR results`
       Exposure       MR Analysis Causal Estimate         Sd    T-stat
1 beta.exposure               Raw     -0.02103666 0.01336565 -1.573934
2 beta.exposure Outlier-corrected              NA         NA        NA
    P-value
1 0.1164877
2        NA

$`MR-PRESSO results`
$`MR-PRESSO results`$`Global Test`
$`MR-PRESSO results`$`Global Test`$RSSobs
[1] 413.6096

$`MR-PRESSO results`$`Global Test`$Pvalue
[1] 0.00056


$`MR-PRESSO results`$`Outlier Test`
          RSSobs  Pvalue
1   1.224138e-06       1
2   2.604294e-03       1
3   2.979861e-03       1
4   1.514206e-02       1
5   7.812214e-03       1
6   2.167727e-02       1
7   5.354749e-03       1
8   2.510222e-03       1
9   1.422569e-03       1
10  5.171571e-03       1
11  8.208124e-03       1
12  2.871348e-03       1
13  1.108425e-04       1
14  1.341593e-03       1
15  7.097580e-03       1
16  2.631766e-03       1
17  1.138437e-03       1
18  9.280825e-04       1
19  2.925246e-04       1
20  3.121139e-03       1
21  2.504904e-04       1
22  1.128987e-03       1
23  5.124363e-04       1
24  4.060437e-03       1
25  2.204426e-03       1
26  2.039346e-04       1
27  1.400456e-05       1
28  1.517453e-03       1
29  2.847620e-04       1
30  2.622253e-05       1
31  8.460559e-03       1
32  3.701549e-03       1
33  6.424728e-03       1
34  1.318519e-02       1
35  7.852847e-06       1
36  1.183913e-04       1
37  6.719776e-03       1
38  5.167794e-04       1
39  1.299246e-03       1
40  1.364692e-03       1
41  2.635377e-03       1
42  1.645596e-03       1
43  1.897988e-05       1
44  5.404752e-03       1
45  1.413474e-05       1
46  1.197250e-03       1
47  2.399759e-03       1
48  1.528323e-02       1
49  8.897383e-01       1
50  8.405872e-04       1
51  5.198463e-04       1
52  3.130304e-04       1
53  5.707442e-04       1
54  3.067416e-04       1
55  3.617403e-02       1
56  9.043527e-04       1
57  1.911867e-03       1
58  1.376227e-03       1
59  1.163815e-01 0.20608
60  5.322637e-04       1
61  2.661553e-03       1
62  3.071328e-03       1
63  4.730598e-03       1
64  1.400391e-04       1
65  7.782872e-04       1
66  3.618891e-05       1
67  2.383925e-04       1
68  6.242283e-03       1
69  7.089347e-03       1
70  1.369528e-04       1
71  3.179757e-03       1
72  2.572344e-03       1
73  1.121944e-04       1
74  7.481182e-05       1
75  6.318368e-03       1
76  1.293078e-03       1
77  5.329430e-03       1
78  1.150179e-03       1
79  3.751808e-02       1
80  3.593658e-03       1
81  2.104121e-02       1
82  1.013141e-03       1
83  9.792085e-02       1
84  1.001028e-03       1
85  3.790049e-03       1
86  2.489116e-03       1
87  1.146938e-03       1
88  6.634708e-03       1
89  1.827824e-02       1
90  1.546683e-06       1
91  4.354471e-04       1
92  1.097781e-02       1
93  4.533740e-03       1
94  1.365743e-02       1
95  7.367220e-04       1
96  2.068706e-05       1
97  6.540488e-04       1
98  4.189121e-03       1
99  2.540649e-03       1
100 1.565340e-02       1
101 5.210170e-03       1
102 1.016909e-04       1
103 1.119855e-02       1
104 6.853855e-03       1
105 1.334364e-03       1
106 8.754069e-04       1
107 7.433323e-04       1
108 3.515568e-06       1
109 4.819046e-03       1
110 3.117636e-03       1
111 1.473092e-02       1
112 4.273275e-04       1
113 6.385096e-04       1
114 2.509098e-06       1
115 3.838936e-03       1
116 1.592972e-02       1
117 2.095610e-04       1
118 5.874323e-03       1
119 4.399229e-03       1
120 1.115693e-03       1
121 1.053794e-03       1
122 2.044084e-04       1
123 3.622170e-03       1
124 8.811074e-04       1
125 2.430741e-05       1
126 1.616686e-04       1
127 2.018939e-05       1
128 4.884584e-03       1
129 5.522639e-04       1
130 4.897885e-04       1
131 4.991984e-03       1
132 7.154051e-03       1
133 1.253669e-04       1
134 1.709776e-03       1
135 1.898813e-03       1
136 2.095241e-03       1
137 1.536004e-07       1
138 5.959876e-03       1
139 2.588589e-04       1
140 2.933633e-04       1
141 9.763754e-04       1
142 2.447672e-03       1
143 1.365486e-05       1
144 1.514227e-03       1
145 8.145081e-04       1
146 1.327120e-03       1
147 1.314982e-04       1
148 6.329380e-04       1
149 7.427250e-06       1
150 4.605811e-04       1
151 7.060748e-03       1
152 3.093127e-03       1
153 2.778590e-02 0.50232
154 1.033458e-03       1
155 2.670833e-09       1
156 2.183295e-03       1
157 2.625676e-03       1
158 1.677003e-03       1
159 4.831740e-03       1
160 7.540593e-04       1
161 5.554096e-03       1
162 2.610625e-04       1
163 8.395046e-03       1
164 6.265718e-04       1
165 1.376717e-05       1
166 3.885581e-04       1
167 1.210628e-03       1
168 3.309762e-04       1
169 1.903453e-03       1
170 1.430806e-04       1
171 8.997360e-04       1
172 2.287484e-04       1
173 2.037915e-03       1
174 1.649925e-03       1
175 2.925327e-04       1
176 9.115190e-04       1
177 2.161341e-03       1
178 7.140069e-04       1
179 2.878887e-04       1
180 3.137758e-05       1
181 8.424555e-03       1
182 1.100514e-03       1
183 6.548860e-03       1
184 1.166290e-03       1
185 4.725773e-03       1
186 6.402837e-06       1
187 7.595431e-03       1
188 3.791588e-04       1
189 4.465814e-06       1
190 1.516599e-04       1
191 3.192810e-05       1
192 2.331743e-03       1
193 3.881852e-03       1
194 7.162970e-04       1
195 1.705455e-07       1
196 4.357716e-04       1
197 3.652218e-03       1
198 8.992732e-03       1
199 1.149780e-03       1
200 8.343554e-04       1
201 7.264170e-04       1
202 1.267134e-03       1
203 8.381060e-03       1
204 1.674440e-03       1
205 4.542653e-04       1
206 1.040469e-04       1
207 1.564911e-02       1
208 3.122404e-04       1
209 3.193866e-03       1
210 9.490146e-05       1
211 1.203953e-02       1
212 1.010593e-02       1
213 2.347221e-04       1
214 1.305390e-02       1
215 9.845419e-03       1
216 1.384159e-02       1
217 2.835841e-03       1
218 1.234762e-02       1
219 7.980448e-04       1
220 1.953559e-03       1
221 7.127005e-02       1
222 5.114336e-04       1
223 6.498103e-04       1
224 1.893492e-03       1
225 1.026673e-04       1
226 1.218372e-04       1
227 6.347197e-03       1
228 1.139022e-02       1
229 3.438862e-03       1
230 1.494429e-03       1
231 8.624006e-04       1
232 5.277609e-02       1
233 2.354762e-04       1
234 1.580217e-04       1
235 2.769374e-06       1
236 1.571445e-03       1
237 3.555910e-03       1
238 3.163000e-04       1
239 1.643851e-04       1
240 1.404932e-03       1
241 1.408906e-04       1
242 2.628921e-04       1
243 3.669317e-03       1
244 3.661974e-03       1
245 4.112749e-05       1
246 8.981837e-03       1
247 1.433387e-02 0.15456
248 8.829953e-05       1
249 5.240018e-04       1
250 1.116555e-05       1
251 1.185239e-03       1
252 1.377754e-03       1
253 1.645857e-03       1
254 3.337820e-03       1
255 1.744134e-04       1
256 6.984123e-05       1
257 8.217125e-04       1
258 9.026521e-03       1
259 2.125692e-03       1
260 2.815286e-04       1
261 8.585493e-04       1
262 2.822342e-05       1
263 7.555124e-04       1
264 7.868865e-03       1
265 1.454470e-03       1
266 1.104512e-03       1
267 1.143616e-02       1
268 1.469566e-02       1
269 1.997499e-02       1
270 2.461474e-05       1
271 3.547834e-03       1
272 9.532923e-06       1
273 1.214264e-03       1
274 9.840256e-04       1
275 1.644812e-03       1
276 9.106754e-04       1
277 1.494402e-03       1
278 3.970813e-04       1
279 4.378059e-03       1
280 1.661694e-02       1
281 2.103874e-05       1
282 8.348797e-04       1
283 8.518328e-04       1
284 9.684062e-05       1
285 8.487525e-04       1
286 4.650022e-06       1
287 1.645372e-03       1
288 6.335507e-01       1
289 1.501244e-06       1
290 7.074025e-04       1
291 2.613399e-06       1
292 3.685182e-02       1
293 1.331705e-03       1
294 6.206304e-04       1
295 5.247555e-03       1
296 3.580512e-03       1
297 3.325834e-03       1
298 5.153174e-03       1
299 1.168342e-04       1
300 1.630601e-04       1
301 2.510334e-04       1
302 5.742721e-04       1
303 1.127510e-03       1
304 3.991343e-03       1
305 3.762354e-04       1
306 2.687552e-03       1
307 6.641525e-03       1
308 1.452026e-05       1
309 8.454527e-04       1
310 8.607966e-03       1
311 5.529481e-04       1
312 7.792676e-03       1
313 6.584859e-04       1
314 1.744669e-05       1
315 1.259714e-03       1
316 1.290896e-05       1
317 1.207598e-03       1
318 3.958702e-06       1
319 5.658655e-05       1
320 1.060656e-03       1
321 2.953957e-03       1
322 7.410263e-03       1

$`MR-PRESSO results`$`Distortion Test`
$`MR-PRESSO results`$`Distortion Test`$`Outliers Indices`
[1] "No significant outliers"

$`MR-PRESSO results`$`Distortion Test`$`Distortion Coefficient`
[1] NA

$`MR-PRESSO results`$`Distortion Test`$Pvalue
[1] NA



