$`Main MR results`
       Exposure       MR Analysis Causal Estimate         Sd    T-stat
1 beta.exposure               Raw      0.03450926 0.08117605 0.4251163
2 beta.exposure Outlier-corrected              NA         NA        NA
    P-value
1 0.6718137
2        NA

$`MR-PRESSO results`
$`MR-PRESSO results`$`Global Test`
$`MR-PRESSO results`$`Global Test`$RSSobs
[1] 114.4044

$`MR-PRESSO results`$`Global Test`$Pvalue
[1] 0.0335


$`MR-PRESSO results`$`Outlier Test`
         RSSobs Pvalue
1  1.196731e-03      1
2  4.352072e-05      1
3  4.071084e-05      1
4  1.158666e-03      1
5  2.370023e-03 0.2523
6  8.842834e-04      1
7  9.809684e-04      1
8  4.236179e-05      1
9  3.751422e-04      1
10 1.585847e-03      1
11 2.439842e-05      1
12 2.978452e-04      1
13 2.549181e-04      1
14 1.361723e-03      1
15 4.393607e-05      1
16 7.986996e-04      1
17 5.656187e-04      1
18 1.297840e-02      1
19 7.708850e-05      1
20 8.926254e-03      1
21 4.925385e-04      1
22 5.458142e-04      1
23 2.087271e-04      1
24 1.098353e-02      1
25 1.744873e-03      1
26 3.308398e-03      1
27 1.303354e-04      1
28 4.499994e-04      1
29 1.949213e-04      1
30 2.862860e-03      1
31 1.612602e-05      1
32 2.269014e-03      1
33 8.550321e-07      1
34 1.161978e-04      1
35 7.166255e-05      1
36 6.857300e-04      1
37 4.954417e-03      1
38 7.228817e-07      1
39 8.552169e-06      1
40 8.327953e-05      1
41 9.337122e-05      1
42 2.394459e-04      1
43 5.051775e-04      1
44 1.824096e-03      1
45 2.191676e-03      1
46 4.733013e-04      1
47 1.793350e-05      1
48 8.474295e-05      1
49 1.439148e-04      1
50 3.862673e-03 0.2697
51 1.048566e-05      1
52 4.322244e-05      1
53 6.259246e-05      1
54 9.390337e-04      1
55 2.002378e-04      1
56 4.765413e-04      1
57 1.928830e-03      1
58 1.513380e-04      1
59 1.051672e-03      1
60 1.465622e-03      1
61 2.918059e-05      1
62 4.061911e-04      1
63 6.718494e-04      1
64 1.353887e-04      1
65 2.667539e-04      1
66 1.156028e-03      1
67 1.071819e-04      1
68 1.163277e-04      1
69 2.892095e-05      1
70 1.751093e-04      1
71 1.569102e-04      1
72 4.072051e-04      1
73 4.015792e-04      1
74 1.090406e-03      1
75 3.856070e-04      1
76 1.752011e-04      1
77 1.278993e-04      1
78 1.507750e-04      1
79 6.942761e-04      1
80 2.345228e-04      1
81 2.619312e-04      1
82 5.564655e-04      1
83 1.013421e-03      1
84 2.726308e-05      1
85 4.099565e-04      1
86 6.354406e-05      1
87 6.666968e-04      1

$`MR-PRESSO results`$`Distortion Test`
$`MR-PRESSO results`$`Distortion Test`$`Outliers Indices`
[1] "No significant outliers"

$`MR-PRESSO results`$`Distortion Test`$`Distortion Coefficient`
[1] NA

$`MR-PRESSO results`$`Distortion Test`$Pvalue
[1] NA



