$`Main MR results`
       Exposure       MR Analysis Causal Estimate          Sd    T-stat
1 beta.exposure               Raw     0.003113035 0.007919784 0.3930707
2 beta.exposure Outlier-corrected     0.004732405 0.007664179 0.6174706
    P-value
1 0.6944555
2 0.5372416

$`MR-PRESSO results`
$`MR-PRESSO results`$`Global Test`
$`MR-PRESSO results`$`Global Test`$RSSobs
[1] 588.8654

$`MR-PRESSO results`$`Global Test`$Pvalue
[1] "<4e-05"


$`MR-PRESSO results`$`Outlier Test`
          RSSobs   Pvalue
1   6.333795e-05        1
2   8.869180e-04        1
3   4.423768e-04        1
4   5.131594e-04        1
5   7.463022e-04        1
6   2.016628e-03        1
7   5.111372e-04        1
8   2.583692e-03        1
9   8.538357e-04        1
10  2.700349e-03        1
11  9.072621e-04        1
12  3.024900e-05        1
13  5.604910e-03        1
14  6.425116e-04        1
15  1.335300e-04        1
16  5.943090e-04        1
17  3.144971e-05        1
18  1.719875e-04        1
19  1.265183e-04        1
20  6.620947e-04        1
21  1.482926e-04        1
22  1.765207e-04        1
23  2.678325e-04        1
24  3.499234e-03        1
25  1.153396e-03        1
26  4.873954e-03        1
27  5.453205e-05        1
28  1.969813e-06        1
29  4.965675e-04        1
30  1.685293e-03        1
31  1.856369e-04        1
32  2.497867e-04        1
33  1.535205e-03        1
34  4.233574e-06        1
35  1.866945e-04        1
36  9.204048e-04        1
37  6.019105e-05        1
38  6.431535e-06        1
39  1.599576e-04        1
40  2.063759e-03        1
41  5.631650e-04        1
42  1.113716e-02        1
43  2.569207e-03        1
44  1.510557e-04        1
45  3.514767e-03        1
46  3.006112e-04        1
47  4.752443e-04        1
48  5.288235e-07        1
49  1.664427e-04        1
50  1.602495e-03        1
51  3.549425e-10        1
52  2.026805e-03        1
53  9.116539e-05        1
54  2.695631e-04        1
55  1.761233e-03        1
56  8.041139e-04        1
57  1.496455e-04        1
58  1.932717e-03        1
59  7.587792e-03  0.55304
60  3.241443e-05        1
61  2.543987e-04        1
62  2.818586e-05        1
63  8.252423e-05        1
64  7.585415e-07        1
65  5.629612e-04        1
66  7.621805e-04        1
67  3.612284e-04        1
68  3.787023e-04        1
69  2.879446e-05        1
70  7.114882e-05        1
71  4.389198e-04        1
72  7.071115e-04        1
73  1.203854e-03        1
74  1.008772e-04        1
75  4.825828e-04        1
76  1.021402e-04        1
77  8.037881e-06        1
78  7.237291e-05        1
79  1.057220e-04        1
80  7.996044e-05        1
81  1.023829e-03        1
82  6.034137e-04        1
83  1.407453e-05        1
84  4.547718e-03        1
85  3.063291e-04        1
86  6.336338e-04        1
87  1.018931e-02        1
88  1.020162e-03        1
89  5.502836e-05        1
90  7.005267e-04        1
91  8.556056e-04        1
92  5.283435e-05        1
93  1.877254e-04        1
94  7.247555e-04        1
95  5.121236e-06        1
96  5.504840e-04        1
97  3.957857e-05        1
98  8.246956e-04        1
99  7.621821e-03        1
100 1.778536e-05        1
101 2.394717e-03        1
102 5.978008e-04        1
103 2.596485e-05        1
104 4.877224e-04        1
105 2.961241e-03        1
106 5.827105e-05        1
107 1.084442e-03        1
108 2.506310e-05        1
109 4.047123e-05        1
110 9.597104e-06        1
111 2.029979e-05        1
112 1.079827e-03        1
113 2.178998e-03        1
114 6.865213e-02        1
115 3.045562e-03        1
116 1.815150e-04        1
117 9.156241e-04        1
118 5.904003e-04        1
119 2.404605e-05        1
120 8.974743e-06        1
121 2.757577e-03        1
122 1.391650e-03        1
123 1.366821e-03        1
124 3.639693e-04        1
125 5.019166e-05        1
126 3.085682e-05        1
127 1.709791e-03        1
128 3.512339e-04        1
129 3.579353e-09        1
130 1.731039e-06        1
131 5.972020e-03        1
132 2.051798e-03        1
133 1.648855e-04        1
134 1.122749e-04        1
135 9.507508e-05        1
136 1.298961e-07        1
137 1.714876e-03        1
138 5.604527e-03        1
139 1.825623e-04        1
140 3.299923e-04        1
141 3.848113e-03        1
142 1.842658e-02        1
143 1.811051e-03        1
144 1.935616e-04        1
145 3.115301e-05        1
146 9.882677e-05        1
147 1.283280e-04        1
148 1.358822e-04        1
149 6.645446e-05        1
150 8.437677e-05        1
151 7.438015e-02        1
152 4.668421e-03        1
153 4.031169e-04        1
154 3.799453e-03        1
155 4.552807e-04        1
156 4.017699e-06        1
157 4.835952e-04        1
158 3.126819e-05        1
159 5.207371e-03        1
160 2.865154e-04        1
161 1.710640e-04        1
162 7.403046e-04        1
163 1.092117e-04        1
164 2.000089e-04        1
165 9.053628e-06        1
166 7.404191e-04        1
167 2.259783e-04        1
168 3.689584e-03        1
169 4.366084e-04        1
170 8.177854e-04        1
171 4.083003e-06        1
172 2.028385e-04        1
173 9.856616e-04        1
174 1.084734e-03        1
175 1.664610e-03        1
176 7.316128e-06        1
177 1.790610e-05        1
178 2.396948e-03        1
179 1.330722e-04        1
180 5.479178e-05        1
181 4.646863e-04        1
182 3.406958e-03        1
183 1.651509e-04        1
184 3.579464e-04        1
185 1.571882e-03        1
186 1.552215e-03        1
187 2.694237e-04        1
188 3.130143e-03        1
189 3.515118e-04        1
190 9.454909e-05        1
191 5.367540e-05        1
192 1.836689e-05        1
193 2.425907e-05        1
194 1.602099e-04        1
195 1.281165e-04        1
196 1.215628e-06        1
197 8.550370e-05        1
198 5.102043e-04        1
199 4.781439e-04        1
200 3.611468e-04        1
201 3.814521e-04        1
202 1.723936e-04        1
203 2.746705e-04        1
204 5.477251e-04        1
205 1.675115e-04        1
206 6.423005e-04        1
207 1.001362e-02        1
208 4.543552e-05        1
209 5.788019e-05        1
210 1.827583e-03        1
211 7.122374e-04        1
212 7.790274e-04        1
213 1.892333e-03        1
214 9.214039e-04        1
215 6.559833e-04        1
216 2.605836e-03        1
217 9.487845e-04        1
218 5.687310e-06        1
219 6.109433e-05        1
220 7.777476e-04        1
221 1.338258e-07        1
222 1.610684e-04        1
223 2.956401e-04        1
224 6.035436e-04        1
225 3.011634e-05        1
226 3.279430e-04        1
227 2.525218e-04        1
228 3.383065e-03        1
229 1.400230e-03        1
230 4.260811e-04        1
231 3.621948e-04        1
232 5.772653e-04        1
233 1.452344e-04        1
234 2.588839e-03        1
235 2.013644e-03        1
236 3.524008e-05        1
237 1.427927e-04        1
238 2.640001e-06        1
239 1.798660e-04        1
240 5.649574e-03        1
241 5.458741e-05        1
242 1.836633e-03        1
243 1.678130e-03        1
244 4.450107e-04        1
245 3.722750e-05        1
246 9.833951e-05        1
247 1.391656e-03        1
248 3.173506e-03        1
249 2.068009e-04        1
250 2.044020e-05        1
251 3.605375e-05        1
252 6.077620e-04        1
253 2.317368e-04        1
254 1.615187e-05        1
255 5.137120e-04        1
256 2.645806e-03        1
257 3.735886e-06        1
258 2.257111e-03        1
259 7.260743e-03        1
260 1.360298e-04        1
261 8.955777e-04        1
262 1.448716e-03        1
263 2.323275e-06        1
264 1.235069e-04        1
265 3.400071e-04        1
266 1.064339e-03        1
267 3.382962e-04        1
268 9.180612e-05        1
269 7.045199e-06        1
270 7.742375e-05        1
271 1.900399e-03        1
272 1.244650e-04        1
273 2.349730e-04        1
274 9.520367e-05        1
275 2.218444e-03        1
276 2.423384e-03        1
277 1.918182e-04        1
278 2.300025e-03        1
279 1.730058e-02 <0.01784
280 3.315371e-03        1
281 9.051681e-04        1
282 1.123493e-04        1
283 3.043778e-03        1
284 2.159357e-04        1
285 2.672951e-05        1
286 5.947082e-04        1
287 1.441318e-02 <0.01784
288 1.428446e-03        1
289 2.603436e-04        1
290 1.990874e-05        1
291 1.797477e-05        1
292 4.590482e-04        1
293 3.025930e-04        1
294 7.988906e-05        1
295 4.687286e-04        1
296 3.583676e-05        1
297 3.844274e-04        1
298 1.765819e-04        1
299 3.449501e-04        1
300 9.686593e-05        1
301 3.346825e-04        1
302 1.435314e-03        1
303 4.342758e-05        1
304 1.856500e-04        1
305 3.850570e-03        1
306 6.003531e-04        1
307 7.510777e-03        1
308 4.175507e-03        1
309 7.786684e-04        1
310 6.141197e-03        1
311 1.279586e-05        1
312 1.976021e-05        1
313 1.482841e-04        1
314 3.675103e-04        1
315 1.373231e-03        1
316 2.550312e-03        1
317 4.861800e-04        1
318 2.909903e-03        1
319 3.113889e-04        1
320 1.792682e-04        1
321 7.119034e-04        1
322 1.256921e-03        1
323 1.546613e-06        1
324 4.653934e-04        1
325 1.420572e-06        1
326 4.361842e-04        1
327 2.467322e-04        1
328 6.488688e-06        1
329 2.657810e-03        1
330 7.039361e-04        1
331 5.410902e-04        1
332 2.348134e-04        1
333 3.026159e-04        1
334 6.277262e-05        1
335 3.266656e-04        1
336 3.486363e-04        1
337 8.919619e-04        1
338 1.387714e-04        1
339 2.923853e-04        1
340 1.061803e-04        1
341 1.271810e-06        1
342 1.781096e-03        1
343 7.921382e-04        1
344 9.844088e-06        1
345 1.740603e-04        1
346 9.254506e-04        1
347 1.316149e-03        1
348 1.362573e-03        1
349 8.615795e-04        1
350 3.408586e-04        1
351 1.309325e-06        1
352 5.919757e-04        1
353 8.096557e-04        1
354 6.580095e-05        1
355 1.092999e-02  0.24976
356 2.781588e-04        1
357 2.347112e-03        1
358 2.687616e-04        1
359 1.028342e-03        1
360 2.287729e-04        1
361 3.218921e-04        1
362 1.701476e-03        1
363 2.019785e-04        1
364 3.535124e-04        1
365 3.183523e-04        1
366 2.912891e-04        1
367 6.748429e-03        1
368 6.460772e-04        1
369 1.773630e-03        1
370 1.775555e-03        1
371 3.431227e-03        1
372 1.176908e-03        1
373 5.243073e-03        1
374 1.160779e-02        1
375 4.862139e-04        1
376 7.708042e-05        1
377 7.324094e-04        1
378 1.249390e-03        1
379 5.853342e-04        1
380 8.769635e-04        1
381 9.872754e-05        1
382 7.847179e-04        1
383 2.879603e-03        1
384 1.086572e-02        1
385 1.451693e-03        1
386 1.369835e-03        1
387 2.049540e-02        1
388 5.879019e-04        1
389 1.269453e-03        1
390 1.134851e-05        1
391 5.996384e-05        1
392 2.156121e-05        1
393 1.335296e-02        1
394 3.058715e-03        1
395 3.097155e-02        1
396 5.525236e-05        1
397 2.828541e-04        1
398 2.397288e-03        1
399 2.006543e-04        1
400 5.229117e-04        1
401 4.777752e-04        1
402 2.007917e-03        1
403 2.313522e-03        1
404 6.669341e-04        1
405 6.872278e-05        1
406 5.069110e-03        1
407 2.072434e-03        1
408 4.021894e-03        1
409 3.902007e-04        1
410 3.123025e-04        1
411 1.044832e-03        1
412 1.678241e-05        1
413 1.628958e-03        1
414 1.205880e-02        1
415 2.068736e-04        1
416 1.088719e-04        1
417 2.310740e-04        1
418 1.896451e-04        1
419 3.807237e-03        1
420 9.640323e-04        1
421 2.488615e-03        1
422 1.268281e-03        1
423 1.187745e-03        1
424 8.170530e-05        1
425 8.036279e-04        1
426 1.499061e-03        1
427 1.242656e-03        1
428 3.808897e-05        1
429 2.268323e-04        1
430 4.745603e-04        1
431 1.041625e-03        1
432 1.394139e-03        1
433 2.031879e-04        1
434 3.977925e-05        1
435 1.637338e-03        1
436 1.843981e-05        1
437 3.358806e-04        1
438 6.384947e-05        1
439 1.786256e-03        1
440 4.970925e-04        1
441 2.365715e-04        1
442 6.592828e-06        1
443 5.445310e-04        1
444 8.171567e-05        1
445 1.071080e-05        1
446 2.862782e-03        1

$`MR-PRESSO results`$`Distortion Test`
$`MR-PRESSO results`$`Distortion Test`$`Outliers Indices`
[1] 279 287

$`MR-PRESSO results`$`Distortion Test`$`Distortion Coefficient`
beta.exposure 
    -34.21875 

$`MR-PRESSO results`$`Distortion Test`$Pvalue
[1] 0.87432



