$`Main MR results`
       Exposure       MR Analysis Causal Estimate         Sd     T-stat
1 beta.exposure               Raw    -0.002109216 0.01822540 -0.1157295
2 beta.exposure Outlier-corrected    -0.010868329 0.01225583 -0.8867887
    P-value
1 0.9080671
2 0.3770434

$`MR-PRESSO results`
$`MR-PRESSO results`$`Global Test`
$`MR-PRESSO results`$`Global Test`$RSSobs
[1] 279.1901

$`MR-PRESSO results`$`Global Test`$Pvalue
[1] "<1e-04"


$`MR-PRESSO results`$`Outlier Test`
          RSSobs  Pvalue
1   4.055300e-06       1
2   9.422746e-05       1
3   4.107323e-07       1
4   2.068247e-04       1
5   1.227533e-06       1
6   1.210837e-05       1
7   5.411359e-05       1
8   1.098585e-04       1
9   2.263307e-04       1
10  2.302110e-06       1
11  3.310499e-04       1
12  4.504945e-05       1
13  2.854674e-05       1
14  9.120491e-05       1
15  1.008682e-04       1
16  2.146958e-04       1
17  1.288822e-04       1
18  1.171690e-05       1
19  9.655371e-05       1
20  4.037462e-04       1
21  1.425834e-04       1
22  4.956100e-04       1
23  4.824611e-05       1
24  2.531835e-06       1
25  7.550971e-07       1
26  1.693102e-05       1
27  1.344593e-04       1
28  4.155521e-05       1
29  1.684106e-04       1
30  3.464494e-05       1
31  3.929117e-05       1
32  9.093071e-05       1
33  6.694596e-05       1
34  7.478598e-05       1
35  9.800314e-05       1
36  1.014141e-04       1
37  9.836928e-09       1
38  1.251991e-04       1
39  1.849067e-06       1
40  6.804391e-07       1
41  1.728472e-04       1
42  1.765079e-04       1
43  3.839314e-04       1
44  4.774006e-07       1
45  2.371004e-04       1
46  7.709183e-05       1
47  7.978674e-06       1
48  3.822844e-04       1
49  5.525966e-06       1
50  2.178623e-05       1
51  6.496772e-06       1
52  5.026176e-04       1
53  1.199612e-05       1
54  2.264482e-06       1
55  3.376149e-05       1
56  1.898183e-04       1
57  2.548370e-04       1
58  1.512205e-06       1
59  1.357341e-05       1
60  7.740255e-05       1
61  2.212323e-05       1
62  1.097503e-04       1
63  8.112971e-06       1
64  5.094164e-05       1
65  6.165891e-05       1
66  9.821554e-05       1
67  3.661978e-04       1
68  1.025002e-04       1
69  1.043486e-05       1
70  3.204298e-05       1
71  1.617531e-06       1
72  5.582043e-05       1
73  1.375698e-05       1
74  5.539096e-07       1
75  2.188252e-05       1
76  3.408871e-05       1
77  3.567359e-05       1
78  3.898821e-05       1
79  1.098908e-07       1
80  2.476758e-06       1
81  1.118742e-02 <0.0117
82  5.210824e-06       1
83  7.695112e-06       1
84  3.169325e-04       1
85  2.960173e-05       1
86  2.366537e-04       1
87  8.558137e-05       1
88  1.866565e-04       1
89  1.379861e-05       1
90  8.364028e-06       1
91  2.216028e-05       1
92  9.939175e-05       1
93  2.427185e-05       1
94  2.388561e-05       1
95  3.312265e-04       1
96  1.475320e-07       1
97  1.092378e-03       1
98  3.157263e-04       1
99  5.314503e-05       1
100 1.784893e-05       1
101 1.962960e-04       1
102 3.994345e-04       1
103 2.917259e-05       1
104 6.744895e-05       1
105 8.234218e-06       1
106 3.791970e-05       1
107 1.992648e-04       1
108 1.446397e-05       1
109 1.058330e-04       1
110 4.610413e-05       1
111 7.353324e-05       1
112 2.450838e-04       1
113 1.165782e-04       1
114 3.580786e-05       1
115 8.474816e-05       1
116 1.227329e-05       1
117 4.057073e-05       1

$`MR-PRESSO results`$`Distortion Test`
$`MR-PRESSO results`$`Distortion Test`$`Outliers Indices`
[1] 81

$`MR-PRESSO results`$`Distortion Test`$`Distortion Coefficient`
beta.exposure 
       80.593 

$`MR-PRESSO results`$`Distortion Test`$Pvalue
[1] 0.7453



