$`Main MR results`
       Exposure       MR Analysis Causal Estimate         Sd    T-stat
1 beta.exposure               Raw      0.07707004 0.10681100 0.7215553
2 beta.exposure Outlier-corrected      0.10724806 0.09596589 1.1175643
    P-value
1 0.4721417
2 0.2662797

$`MR-PRESSO results`
$`MR-PRESSO results`$`Global Test`
$`MR-PRESSO results`$`Global Test`$RSSobs
[1] 161.0179

$`MR-PRESSO results`$`Global Test`$Pvalue
[1] 0.0013


$`MR-PRESSO results`$`Outlier Test`
          RSSobs  Pvalue
1   2.077913e-05       1
2   1.507304e-04       1
3   1.041028e-03       1
4   1.186608e-03       1
5   1.196853e-05       1
6   4.148447e-05       1
7   7.093702e-04       1
8   2.026741e-03       1
9   1.704450e-05       1
10  1.086193e-03       1
11  1.462655e-03       1
12  4.475222e-05       1
13  1.714399e-04       1
14  5.492788e-04       1
15  1.328025e-05       1
16  2.267347e-05       1
17  7.726838e-05       1
18  7.511095e-04       1
19  1.136779e-02       1
20  9.931785e-05       1
21  8.113405e-03       1
22  1.480383e-02       1
23  1.025478e-04       1
24  3.777587e-04       1
25  2.686592e-03       1
26  6.205951e-05       1
27  4.846761e-05       1
28  3.108052e-03       1
29  1.941320e-04       1
30  2.691061e-03       1
31  5.443370e-03       1
32  4.506155e-04       1
33  3.209358e-04       1
34  5.015097e-03       1
35  1.707921e-03       1
36  1.732419e-04       1
37  1.106919e-03       1
38  1.207806e-03       1
39  3.409744e-03       1
40  2.318380e-03       1
41  1.446254e-03       1
42  1.055937e-04       1
43  1.538230e-04       1
44  1.147788e-03       1
45  2.949400e-03       1
46  1.894765e-03       1
47  8.620547e-04       1
48  1.468351e-03       1
49  2.147073e-04       1
50  2.351708e-06       1
51  1.968036e-03       1
52  1.020528e-03       1
53  3.839041e-04       1
54  3.239873e-05       1
55  5.875729e-04       1
56  5.243947e-05       1
57  3.267442e-05       1
58  2.464678e-04       1
59  6.838236e-04       1
60  1.741210e-03       1
61  2.338691e-02 <0.0108
62  5.342965e-04       1
63  5.993628e-03  0.3672
64  7.624410e-06       1
65  8.691374e-03       1
66  1.765777e-05       1
67  5.634494e-04       1
68  2.334484e-03       1
69  4.249402e-04       1
70  8.086930e-05       1
71  6.439062e-03       1
72  1.351060e-06       1
73  7.375597e-07       1
74  4.921693e-04       1
75  9.250138e-04       1
76  8.150983e-06       1
77  2.160514e-04       1
78  1.082928e-03       1
79  3.542916e-04       1
80  5.358202e-04       1
81  2.160641e-04       1
82  2.659565e-03       1
83  2.511621e-03       1
84  4.320917e-04       1
85  9.324275e-04       1
86  9.859921e-04       1
87  1.484988e-04       1
88  2.218234e-05       1
89  1.860459e-03       1
90  3.120415e-07       1
91  1.348112e-05       1
92  4.435708e-04       1
93  5.108163e-06       1
94  4.984405e-05       1
95  1.602233e-03       1
96  1.101297e-03       1
97  7.159227e-04       1
98  8.018477e-04       1
99  2.058910e-05       1
100 7.745027e-05       1
101 6.589599e-05       1
102 1.080899e-03       1
103 3.173651e-04       1
104 3.731269e-05       1
105 4.355155e-05       1
106 2.119038e-04       1
107 9.048764e-04       1
108 1.091151e-04       1

$`MR-PRESSO results`$`Distortion Test`
$`MR-PRESSO results`$`Distortion Test`$`Outliers Indices`
[1] 61

$`MR-PRESSO results`$`Distortion Test`$`Distortion Coefficient`
beta.exposure 
    -28.13852 

$`MR-PRESSO results`$`Distortion Test`$Pvalue
[1] 0.8195



