SNP	CHROM	POS	REF	ALT	AF	BETA	SE	Z	P	N	TRAIT
rs2815753	1	72812324	G	A	0.6101	-0.0092508	0.014881	-0.6216517707143338	0.5342	1336429	covid_vs._population
rs506589	1	177894287	T	C	0.197	0.013387999999999999	0.016203	0.8262667407270259	0.4086	1356900	covid_vs._population
rs36016753	1	187269477	G	A	0.4038	0.0045198999999999994	0.015235	0.2966787003610108	0.7667	1337724	covid_vs._population
rs10900457	1	205146726	G	A	0.5833	-0.020142	0.013433	-1.4994416734906573	0.1337	1356900	covid_vs._population
rs62106258	2	417167	T	C	0.04681	0.027034	0.032763	0.8251381131154045	0.4093	1328796	covid_vs._population
rs7644667	3	69040601	T	C	0.5056	0.0081977	0.012785	0.6411967149002739	0.5214	1361855	covid_vs._population
rs13340130	3	81790970	A	T	0.3531	0.032531	0.016212	2.006600049346163	0.044789999999999996	666531	covid_vs._population
rs300046	5	37081705	A	G	0.4677	-0.0096955	0.015123	-0.6411095682073662	0.5215	1339619	covid_vs._population
rs10064431	5	92950673	T	C	0.503	0.0017951	0.012985	0.13824412783981518	0.89	1362519	covid_vs._population
rs806794	6	26200677	A	G	0.3242	-0.013721	0.013640000000000001	-1.0059384164222873	0.3145	1361855	covid_vs._population
rs35797675	7	72878044	T	G	0.2201	-0.033625999999999996	0.020411000000000002	-1.6474450051442846	0.09948	651236	covid_vs._population
rs11772832	7	135073047	T	C	0.3967	0.0030677	0.013019	0.23563253706121823	0.8137	1361855	covid_vs._population
rs6478868	9	131927092	T	C	0.3196	-0.033520999999999995	0.026366000000000004	-1.2713722218008037	0.2036	783974	covid_vs._population
rs12103229	16	74167594	C	A	0.532	-1.9455e-4	0.013129	-0.014818341077005104	0.9882	1362519	covid_vs._population
rs79564737	20	43408372	G	A	0.3008	-0.0029046999999999996	0.015419	-0.18838446073026782	0.8506	1350339	covid_vs._population
rs701760	NA	NA	NA	NA	NA	NA	NA	NA	NA	NA	NA
rs10125463	NA	NA	NA	NA	NA	NA	NA	NA	NA	NA	NA
rs1912286	NA	NA	NA	NA	NA	NA	NA	NA	NA	NA	NA
rs3909727	NA	NA	NA	NA	NA	NA	NA	NA	NA	NA	NA
rs4759074	NA	NA	NA	NA	NA	NA	NA	NA	NA	NA	NA
rs12232804	NA	NA	NA	NA	NA	NA	NA	NA	NA	NA	NA
rs429358	NA	NA	NA	NA	NA	NA	NA	NA	NA	NA	NA
rs136528	NA	NA	NA	NA	NA	NA	NA	NA	NA	NA	NA
rs139911	NA	NA	NA	NA	NA	NA	NA	NA	NA	NA	NA
