$`Main MR results`
       Exposure       MR Analysis Causal Estimate         Sd   T-stat
1 beta.exposure               Raw        0.355564 0.09218323 3.857144
2 beta.exposure Outlier-corrected              NA         NA       NA
      P-value
1 0.000129717
2          NA

$`MR-PRESSO results`
$`MR-PRESSO results`$`Global Test`
$`MR-PRESSO results`$`Global Test`$RSSobs
[1] 563.4139

$`MR-PRESSO results`$`Global Test`$Pvalue
[1] 0.03036


$`MR-PRESSO results`$`Outlier Test`
          RSSobs  Pvalue
1   3.103260e-03       1
2   1.058518e-05       1
3   3.130572e-03       1
4   4.144530e-03       1
5   7.874382e-03       1
6   2.155583e-02       1
7   5.198214e-04       1
8   2.700485e-05       1
9   1.678033e-06       1
10  6.183155e-04       1
11  5.562785e-06       1
12  5.304316e-03       1
13  6.855733e-05       1
14  3.657738e-03       1
15  4.072813e-04       1
16  7.375421e-04       1
17  8.877108e-05       1
18  2.177536e-05       1
19  4.644576e-03       1
20  2.424767e-03       1
21  5.801911e-04       1
22  1.806388e-03       1
23  5.588311e-07       1
24  4.934653e-05       1
25  3.422419e-04       1
26  3.205861e-03       1
27  4.023982e-04       1
28  2.604549e-03       1
29  1.758411e-03       1
30  5.880522e-03       1
31  3.467430e-03       1
32  1.588929e-03       1
33  2.050040e-05       1
34  2.360941e-04       1
35  4.286727e-04       1
36  2.751702e-04       1
37  4.968802e-06       1
38  1.311315e-03       1
39  2.752399e-03       1
40  2.572779e-04       1
41  2.978243e-05       1
42  9.752054e-04       1
43  7.989543e-04       1
44  2.681823e-04       1
45  4.791861e-04       1
46  8.868691e-06       1
47  7.323496e-03       1
48  5.733935e-05       1
49  1.588447e-04       1
50  1.521566e-04       1
51  5.395980e-04       1
52  3.622736e-04       1
53  1.258231e-04       1
54  2.177873e-04       1
55  5.084254e-04       1
56  7.608131e-04       1
57  7.718243e-03       1
58  1.287632e-03       1
59  2.100243e-04       1
60  6.665533e-04       1
61  3.531379e-07       1
62  3.963582e-03       1
63  8.535704e-04       1
64  2.156529e-03       1
65  1.112803e-03       1
66  3.733005e-04       1
67  3.546047e-03       1
68  1.798434e-03       1
69  1.321370e-03       1
70  6.668186e-04       1
71  3.347094e-04       1
72  6.949668e-05       1
73  4.237143e-04       1
74  6.114596e-06       1
75  1.819713e-04       1
76  3.359615e-03       1
77  3.847076e-03       1
78  2.666009e-03       1
79  1.035131e-03       1
80  4.271724e-04       1
81  1.868360e-03       1
82  6.549693e-03       1
83  3.527319e-03       1
84  3.285994e-04       1
85  3.732236e-04       1
86  3.459821e-05       1
87  1.574819e-02 0.98196
88  3.952613e-06       1
89  4.356834e-03       1
90  3.724551e-05       1
91  1.668031e-04       1
92  2.461010e-04       1
93  3.036418e-04       1
94  2.224381e-03       1
95  3.082039e-05       1
96  2.181990e-03       1
97  1.492967e-03       1
98  1.931550e-03       1
99  5.259707e-05       1
100 7.033370e-03       1
101 9.132154e-06       1
102 1.397057e-04       1
103 3.287693e-03       1
104 8.903490e-04       1
105 2.149576e-04       1
106 3.812183e-04       1
107 2.669065e-03       1
108 1.765095e-03       1
109 2.584453e-04       1
110 3.695845e-04       1
111 1.288226e-03       1
112 3.074898e-03       1
113 1.654604e-03       1
114 9.649869e-04       1
115 2.302332e-06       1
116 1.548219e-03       1
117 8.931022e-04       1
118 1.928190e-03       1
119 1.920603e-04       1
120 2.527883e-03       1
121 4.267431e-03       1
122 6.719890e-03       1
123 2.385420e-03       1
124 4.131231e-04       1
125 2.002473e-04       1
126 1.363189e-03       1
127 4.258203e-04       1
128 9.694777e-05       1
129 9.613152e-03       1
130 3.277423e-04       1
131 2.985116e-04       1
132 5.625675e-03       1
133 2.300807e-04       1
134 2.222421e-04       1
135 1.906535e-04       1
136 5.901914e-04       1
137 7.388188e-03       1
138 8.925949e-04       1
139 3.704421e-03       1
140 1.516548e-04       1
141 9.367359e-04       1
142 5.416414e-04       1
143 1.890477e-04       1
144 3.888369e-03       1
145 4.777762e-04       1
146 7.166814e-04       1
147 5.380582e-05       1
148 6.886323e-04       1
149 4.397747e-06       1
150 1.305666e-04       1
151 1.665061e-04       1
152 4.989194e-04       1
153 9.207550e-07       1
154 3.301741e-03       1
155 5.500532e-07       1
156 6.506913e-05       1
157 2.129401e-05       1
158 1.314559e-04       1
159 2.995796e-03       1
160 3.898431e-03       1
161 1.199547e-02       1
162 6.248893e-04       1
163 5.577825e-04       1
164 7.073788e-03       1
165 1.330156e-05       1
166 5.119175e-04       1
167 1.536154e-03       1
168 3.051814e-03       1
169 1.837719e-05       1
170 3.449540e-04       1
171 2.831769e-03       1
172 1.167751e-03       1
173 2.200952e-03       1
174 2.891689e-02       1
175 2.986871e-03       1
176 6.368761e-03       1
177 6.511891e-04       1
178 8.175291e-04       1
179 1.081867e-02       1
180 1.258779e-04       1
181 1.233024e-03       1
182 4.189589e-04       1
183 2.044640e-04       1
184 6.001999e-05       1
185 3.719159e-04       1
186 3.977486e-06       1
187 8.951162e-04       1
188 9.119977e-05       1
189 1.295029e-04       1
190 7.582077e-04       1
191 2.151339e-03       1
192 1.128801e-03       1
193 2.163687e-03       1
194 5.526946e-04       1
195 1.191646e-03       1
196 6.066690e-04       1
197 1.595073e-05       1
198 7.914740e-04       1
199 1.612993e-03       1
200 2.040415e-04       1
201 7.946650e-04       1
202 7.529161e-04       1
203 6.069456e-04       1
204 9.343247e-04       1
205 2.030510e-04       1
206 2.515845e-03       1
207 1.714318e-04       1
208 3.480384e-04       1
209 5.370600e-03       1
210 3.481761e-03       1
211 2.970202e-04       1
212 8.949789e-04       1
213 2.594207e-03       1
214 3.820324e-05       1
215 6.644294e-05       1
216 2.364663e-03       1
217 4.477012e-03       1
218 3.638719e-05       1
219 1.135843e-03       1
220 2.330562e-03       1
221 6.547311e-04       1
222 1.826010e-03       1
223 1.396580e-03       1
224 1.126525e-04       1
225 2.272538e-03       1
226 4.618400e-03       1
227 8.590144e-04       1
228 1.800786e-06       1
229 7.546205e-06       1
230 1.528203e-03       1
231 2.512246e-03       1
232 4.919538e-04       1
233 1.231163e-03       1
234 7.271018e-04       1
235 2.177618e-04       1
236 1.849578e-05       1
237 2.217759e-03       1
238 1.075626e-03       1
239 4.042183e-03       1
240 2.188061e-04       1
241 6.566638e-04       1
242 7.566638e-04       1
243 5.170709e-04       1
244 6.435494e-05       1
245 1.112342e-04       1
246 1.215151e-03       1
247 2.349261e-04       1
248 7.381683e-04       1
249 1.948028e-03       1
250 1.478355e-03       1
251 3.935956e-03       1
252 4.019938e-03       1
253 6.640476e-03       1
254 4.578183e-05       1
255 1.400730e-05       1
256 2.718160e-05       1
257 5.269886e-04       1
258 1.278530e-03       1
259 7.226116e-03       1
260 1.037137e-04       1
261 2.311871e-03       1
262 2.239441e-04       1
263 8.968423e-04       1
264 1.618365e-03       1
265 4.851190e-04       1
266 2.386508e-03       1
267 2.295786e-04       1
268 2.192981e-03       1
269 1.116102e-04       1
270 7.645319e-04       1
271 6.307630e-05       1
272 4.233083e-05       1
273 2.477318e-04       1
274 1.478154e-03       1
275 7.725983e-08       1
276 1.805950e-04       1
277 1.066019e-04       1
278 1.330719e-03       1
279 1.731363e-03       1
280 2.217120e-04       1
281 5.006986e-04       1
282 4.697563e-03       1
283 6.875453e-03       1
284 6.870478e-04       1
285 8.230085e-04       1
286 3.749398e-03       1
287 2.019171e-03       1
288 9.131775e-04       1
289 1.807402e-05       1
290 3.429825e-03       1
291 2.286520e-05       1
292 4.570287e-04       1
293 1.016485e-04       1
294 8.117064e-05       1
295 4.718246e-04       1
296 2.773143e-04       1
297 1.619783e-03       1
298 4.108305e-04       1
299 1.482777e-03       1
300 1.821820e-04       1
301 3.699525e-04       1
302 1.344963e-03       1
303 1.622042e-03       1
304 3.299289e-05       1
305 1.810315e-04       1
306 2.641221e-05       1
307 1.614207e-05       1
308 1.791884e-03       1
309 1.451728e-04       1
310 3.135752e-04       1
311 1.363596e-03       1
312 1.649567e-04       1
313 6.233348e-04       1
314 7.258073e-04       1
315 5.802482e-04       1
316 9.036368e-04       1
317 8.249569e-03 0.76152
318 1.643068e-03       1
319 5.987313e-03       1
320 2.925046e-04       1
321 9.308980e-05       1
322 2.376139e-05       1
323 8.992792e-04       1
324 8.096952e-04       1
325 1.523895e-03       1
326 1.577458e-03       1
327 3.138463e-04       1
328 5.117129e-04       1
329 1.777753e-04       1
330 3.552399e-03       1
331 4.162094e-05       1
332 2.544384e-05       1
333 4.113777e-03       1
334 2.201873e-03       1
335 4.859948e-04       1
336 1.297714e-03       1
337 6.230864e-04       1
338 1.207251e-04       1
339 3.252332e-04       1
340 5.785157e-04       1
341 1.651151e-04       1
342 6.791595e-05       1
343 2.716283e-05       1
344 1.217089e-03       1
345 1.339261e-05       1
346 1.340371e-03       1
347 1.637293e-03       1
348 2.242158e-05       1
349 9.768241e-04       1
350 1.769050e-03       1
351 1.053744e-05       1
352 9.678824e-04       1
353 9.442342e-04       1
354 1.016432e-03       1
355 3.270840e-04       1
356 1.346472e-05       1
357 7.592891e-04       1
358 3.237946e-03       1
359 1.604059e-03       1
360 4.415625e-04       1
361 1.397206e-03       1
362 2.047434e-05       1
363 1.659021e-03       1
364 4.675788e-04       1
365 8.992862e-04       1
366 4.014030e-04       1
367 5.289113e-04       1
368 2.753473e-04       1
369 3.627556e-06       1
370 2.424288e-03       1
371 2.654063e-04       1
372 4.298505e-04       1
373 6.540687e-03       1
374 6.182113e-04       1
375 5.618880e-04       1
376 1.029165e-03       1
377 6.282829e-04       1
378 1.436938e-04       1
379 4.320913e-04       1
380 3.338630e-05       1
381 3.937457e-04       1
382 1.817954e-03       1
383 1.610490e-04       1
384 5.464672e-04       1
385 7.066032e-04       1
386 9.598702e-05       1
387 6.627939e-04       1
388 1.860775e-03       1
389 2.100066e-04       1
390 6.833265e-04       1
391 2.106289e-05       1
392 2.476230e-05       1
393 1.884264e-05       1
394 1.344335e-07       1
395 4.391764e-04       1
396 8.034289e-04       1
397 2.717467e-03       1
398 7.766555e-05       1
399 2.148631e-04       1
400 9.052014e-05       1
401 9.705073e-04       1
402 5.212058e-05       1
403 4.310080e-03       1
404 3.352907e-04       1
405 1.175263e-03       1
406 4.093749e-04       1
407 1.489323e-02       1
408 9.695232e-06       1
409 6.767006e-04       1
410 4.727743e-05       1
411 7.308924e-04       1
412 2.017467e-04       1
413 4.654448e-05       1
414 2.265719e-03       1
415 4.312613e-05       1
416 6.897214e-04       1
417 7.573861e-04       1
418 8.035662e-05       1
419 4.281581e-04       1
420 2.352556e-05       1
421 6.499784e-06       1
422 8.704205e-05       1
423 1.025645e-02       1
424 2.710089e-03       1
425 6.668447e-03       1
426 1.762433e-04       1
427 2.984712e-04       1
428 6.881668e-04       1
429 2.055934e-03       1
430 1.732161e-04       1
431 9.372343e-06       1
432 3.519602e-05       1
433 1.584901e-04       1
434 8.896975e-04       1
435 2.103331e-03       1
436 2.237617e-07       1
437 3.327474e-03       1
438 3.888211e-03       1
439 2.336497e-04       1
440 6.138345e-06       1
441 7.369955e-04       1
442 9.507007e-04       1
443 3.000562e-04       1
444 1.572559e-03       1
445 7.610859e-03       1
446 1.406287e-03       1
447 3.048759e-03       1
448 6.568460e-04       1
449 2.087416e-03       1
450 4.145683e-04       1
451 5.650698e-03       1
452 9.670728e-04       1
453 3.850881e-05       1
454 6.462877e-04       1
455 4.891050e-05       1
456 1.376726e-04       1
457 3.347231e-04       1
458 1.660810e-04       1
459 1.378034e-04       1
460 7.428408e-04       1
461 2.841650e-04       1
462 2.331314e-04       1
463 7.373015e-04       1
464 3.945231e-06       1
465 1.655978e-03       1
466 8.518206e-05       1
467 1.218787e-03       1
468 2.447315e-03       1
469 5.749516e-04       1
470 1.156005e-03       1
471 2.731683e-07       1
472 3.660179e-05       1
473 8.458117e-04       1
474 1.871733e-03       1
475 5.811379e-04       1
476 3.434450e-03       1
477 1.886239e-03       1
478 2.154929e-03       1
479 5.057868e-04       1
480 1.139578e-03       1
481 1.398410e-04       1
482 5.005560e-03       1
483 1.361168e-03       1
484 2.760920e-04       1
485 5.753170e-05       1
486 4.722700e-04       1
487 2.247651e-05       1
488 6.019323e-04       1
489 1.036981e-04       1
490 1.107590e-03       1
491 2.164401e-03       1
492 4.559977e-04       1
493 1.064173e-04       1
494 1.071270e-03       1
495 7.245795e-04       1
496 5.428903e-03       1
497 1.150979e-06       1
498 2.298757e-03       1
499 3.768727e-05       1
500 1.777076e-03       1
501 1.709837e-04       1

$`MR-PRESSO results`$`Distortion Test`
$`MR-PRESSO results`$`Distortion Test`$`Outliers Indices`
[1] "No significant outliers"

$`MR-PRESSO results`$`Distortion Test`$`Distortion Coefficient`
[1] NA

$`MR-PRESSO results`$`Distortion Test`$Pvalue
[1] NA



