$`Main MR results`
       Exposure       MR Analysis Causal Estimate         Sd     T-stat
1 beta.exposure               Raw      0.02307724 0.06328071  0.3646804
2 beta.exposure Outlier-corrected     -0.00631690 0.05877297 -0.1074797
    P-value
1 0.7162557
2 0.9146647

$`MR-PRESSO results`
$`MR-PRESSO results`$`Global Test`
$`MR-PRESSO results`$`Global Test`$RSSobs
[1] 112.3966

$`MR-PRESSO results`$`Global Test`$Pvalue
[1] 0.0381


$`MR-PRESSO results`$`Outlier Test`
         RSSobs Pvalue
1  7.033858e-04      1
2  8.004012e-05      1
3  5.502781e-04      1
4  1.444696e-03      1
5  1.600260e-03      1
6  9.673731e-04      1
7  1.643182e-04      1
8  4.125346e-03      1
9  4.100842e-03      1
10 1.954954e-04      1
11 2.428678e-05      1
12 1.081043e-04      1
13 1.872104e-04      1
14 6.429672e-06      1
15 3.654832e-04      1
16 5.324071e-03      1
17 2.419865e-04      1
18 2.635239e-07      1
19 3.931533e-04      1
20 2.066062e-04      1
21 1.266312e-03      1
22 3.343406e-04      1
23 5.756931e-04      1
24 3.881947e-03      1
25 3.018458e-04      1
26 1.643411e-03      1
27 1.103745e-03      1
28 7.397553e-05      1
29 1.180781e-05      1
30 7.090811e-04      1
31 9.421514e-05      1
32 3.426219e-03      1
33 3.345397e-05      1
34 1.004347e-03      1
35 1.078281e-03      1
36 1.246917e-07      1
37 2.466465e-03      1
38 2.828202e-03      1
39 1.674299e-05      1
40 7.904151e-05      1
41 1.399665e-03      1
42 5.704005e-04      1
43 3.194728e-03      1
44 4.400007e-03      1
45 3.889051e-05      1
46 3.723551e-03      1
47 7.483823e-04      1
48 2.511596e-03      1
49 1.875260e-04      1
50 8.243186e-04      1
51 2.830654e-04      1
52 1.759368e-03      1
53 3.843966e-04      1
54 4.810069e-04      1
55 3.429397e-04      1
56 1.341509e-02 0.1118
57 1.607333e-04      1
58 1.552994e-05      1
59 1.375029e-02 0.0086
60 2.789945e-03      1
61 2.935757e-04      1
62 2.034121e-03      1
63 4.965783e-04      1
64 5.926250e-04      1
65 7.959480e-04      1
66 2.694885e-04      1
67 7.171453e-05      1
68 1.548619e-04      1
69 1.037800e-03      1
70 2.114619e-04      1
71 6.694347e-06      1
72 8.975899e-04      1
73 6.909438e-04      1
74 1.005283e-04      1
75 3.347282e-03      1
76 5.448545e-06      1
77 5.529848e-04      1
78 1.845968e-05      1
79 2.004867e-03      1
80 1.409536e-03      1
81 7.117250e-04      1
82 8.428771e-07      1
83 1.312191e-03      1
84 3.243641e-03      1
85 1.538295e-04      1
86 1.679237e-03      1

$`MR-PRESSO results`$`Distortion Test`
$`MR-PRESSO results`$`Distortion Test`$`Outliers Indices`
[1] 59

$`MR-PRESSO results`$`Distortion Test`$`Distortion Coefficient`
beta.exposure 
     465.3254 

$`MR-PRESSO results`$`Distortion Test`$Pvalue
[1] 0.0833



