$`Main MR results`
       Exposure       MR Analysis Causal Estimate         Sd   T-stat
1 beta.exposure               Raw      0.07691969 0.02538867 3.029686
2 beta.exposure Outlier-corrected              NA         NA       NA
      P-value
1 0.002526075
2          NA

$`MR-PRESSO results`
$`MR-PRESSO results`$`Global Test`
$`MR-PRESSO results`$`Global Test`$RSSobs
[1] 901.6505

$`MR-PRESSO results`$`Global Test`$Pvalue
[1] 0.01412


$`MR-PRESSO results`$`Outlier Test`
          RSSobs Pvalue
1   1.485331e-03      1
2   1.712751e-05      1
3   1.408109e-04      1
4   3.963622e-05      1
5   2.917115e-04      1
6   1.101899e-04      1
7   4.179686e-04      1
8   1.375288e-04      1
9   1.439713e-05      1
10  1.277665e-03      1
11  3.242348e-06      1
12  3.004238e-05      1
13  1.195613e-05      1
14  4.797624e-04      1
15  2.189006e-04      1
16  3.054177e-05      1
17  3.593618e-04      1
18  4.055058e-05      1
19  1.334904e-04      1
20  3.293283e-06      1
21  6.080035e-05      1
22  3.048163e-04      1
23  3.417703e-06      1
24  1.337544e-03      1
25  1.381602e-06      1
26  1.196725e-05      1
27  5.512243e-04      1
28  4.571912e-06      1
29  1.101448e-03      1
30  1.042075e-04      1
31  5.543506e-05      1
32  2.039001e-05      1
33  1.815318e-03      1
34  1.200785e-04      1
35  1.157855e-04      1
36  4.617428e-07      1
37  3.648995e-04      1
38  2.149093e-05      1
39  2.889518e-04      1
40  2.325286e-05      1
41  3.116684e-04      1
42  2.528321e-05      1
43  2.945838e-04      1
44  5.879047e-04      1
45  3.414611e-04      1
46  5.668246e-03      1
47  8.277193e-04      1
48  4.763598e-04      1
49  2.257374e-04      1
50  9.793765e-06      1
51  9.316411e-08      1
52  2.346785e-04      1
53  5.697623e-05      1
54  8.886168e-04      1
55  8.905345e-04      1
56  4.400458e-04      1
57  5.365642e-04      1
58  3.647740e-05      1
59  1.749010e-04      1
60  2.778902e-04      1
61  2.376920e-04      1
62  7.142623e-05      1
63  1.900304e-05      1
64  4.879752e-04      1
65  5.330234e-04      1
66  1.219590e-04      1
67  5.174869e-04      1
68  1.901042e-05      1
69  1.374348e-06      1
70  2.997806e-08      1
71  4.228523e-04      1
72  9.501806e-06      1
73  9.279728e-05      1
74  8.358375e-05      1
75  1.281153e-04      1
76  4.557714e-05      1
77  6.862697e-04      1
78  7.163989e-04      1
79  5.738231e-04      1
80  1.553594e-03      1
81  2.537358e-03      1
82  2.521432e-04      1
83  6.299771e-05      1
84  1.423050e-06      1
85  2.959937e-04      1
86  2.069203e-04      1
87  3.994926e-04      1
88  1.151143e-05      1
89  2.776517e-06      1
90  3.163067e-04      1
91  9.063982e-04      1
92  3.061492e-04      1
93  4.995790e-09      1
94  4.411805e-07      1
95  3.775348e-06      1
96  2.610994e-04      1
97  1.349087e-04      1
98  1.796692e-05      1
99  5.398166e-04      1
100 3.208654e-06      1
101 9.610393e-05      1
102 8.438450e-04      1
103 2.309314e-06      1
104 9.575036e-05      1
105 9.823535e-07      1
106 8.361937e-05      1
107 2.363754e-04      1
108 6.727698e-04      1
109 4.426434e-04      1
110 3.925095e-05      1
111 7.208530e-06      1
112 6.116147e-05      1
113 3.051171e-05      1
114 7.045995e-07      1
115 6.846978e-06      1
116 1.290130e-03      1
117 6.131610e-05      1
118 7.799557e-05      1
119 4.435315e-06      1
120 4.539349e-03      1
121 3.228439e-04      1
122 9.317347e-04      1
123 3.502873e-04      1
124 4.194432e-05      1
125 2.818035e-04      1
126 1.215490e-03      1
127 2.338109e-04      1
128 2.683955e-04      1
129 1.054047e-04      1
130 3.591515e-05      1
131 1.449185e-05      1
132 6.184234e-05      1
133 1.498450e-04      1
134 1.071117e-05      1
135 1.921369e-04      1
136 7.423934e-04      1
137 7.269390e-06      1
138 1.683927e-03      1
139 2.109155e-03      1
140 8.345102e-05      1
141 1.633743e-04      1
142 3.481415e-04      1
143 4.975727e-04      1
144 2.821197e-04      1
145 1.970176e-04      1
146 8.922684e-05      1
147 1.333848e-03      1
148 7.078750e-04      1
149 4.693390e-04      1
150 6.152372e-04      1
151 4.387550e-04      1
152 1.414698e-05      1
153 9.374730e-04      1
154 7.543807e-05      1
155 1.977312e-04      1
156 1.080855e-03      1
157 3.767683e-04      1
158 1.428353e-04      1
159 1.038728e-04      1
160 3.116965e-04      1
161 4.382573e-03      1
162 7.271748e-05      1
163 7.830409e-04      1
164 2.405816e-05      1
165 9.945172e-06      1
166 1.436278e-06      1
167 1.320173e-03      1
168 1.556966e-03      1
169 1.207154e-06      1
170 3.371224e-04      1
171 1.579272e-05      1
172 6.794495e-05      1
173 3.899505e-05      1
174 1.864667e-04      1
175 5.821730e-05      1
176 1.517852e-04      1
177 8.293260e-05      1
178 1.554194e-04      1
179 3.162883e-04      1
180 2.673270e-04      1
181 7.114287e-04      1
182 3.306102e-05      1
183 1.040879e-04      1
184 4.448431e-05      1
185 3.549717e-05      1
186 6.579360e-05      1
187 3.941645e-04      1
188 1.462831e-04      1
189 5.957544e-04      1
190 8.134827e-06      1
191 6.895052e-05      1
192 5.979739e-06      1
193 7.395897e-05      1
194 7.109953e-05      1
195 1.238751e-04      1
196 7.289306e-04      1
197 8.763109e-04      1
198 9.537303e-04      1
199 1.192268e-04      1
200 6.580442e-06      1
201 1.833980e-03      1
202 4.303557e-06      1
203 5.294056e-06      1
204 1.649422e-06      1
205 1.525002e-05      1
206 4.574063e-04      1
207 2.837169e-05      1
208 3.487538e-05      1
209 6.629882e-05      1
210 2.065456e-04      1
211 1.499234e-04      1
212 9.847236e-05      1
213 6.691421e-04      1
214 6.140527e-06      1
215 8.145006e-05      1
216 4.786723e-05      1
217 3.831039e-04      1
218 1.231156e-04      1
219 5.279186e-07      1
220 1.850997e-03      1
221 1.011621e-04      1
222 2.502984e-05      1
223 6.796151e-05      1
224 1.002508e-04      1
225 3.572739e-04      1
226 1.257538e-04      1
227 1.046179e-04      1
228 3.116219e-04      1
229 4.431955e-04      1
230 1.284890e-03      1
231 2.996430e-05      1
232 2.872855e-06      1
233 2.713226e-05      1
234 4.209382e-04      1
235 9.654858e-05      1
236 3.061033e-04      1
237 8.711156e-04      1
238 1.575080e-04      1
239 1.027804e-04      1
240 9.590994e-05      1
241 1.022789e-03      1
242 2.896270e-05      1
243 1.969214e-04      1
244 1.309512e-04      1
245 1.799893e-05      1
246 7.977973e-06      1
247 1.699691e-05      1
248 3.250786e-04      1
249 4.129309e-04      1
250 7.611350e-04      1
251 9.724196e-05      1
252 5.863569e-04      1
253 5.976749e-06      1
254 1.129242e-04      1
255 2.032279e-05      1
256 3.105597e-05      1
257 2.807808e-03      1
258 2.417576e-04      1
259 2.009573e-05      1
260 1.130550e-03      1
261 9.183184e-06      1
262 2.003588e-05      1
263 2.372452e-04      1
264 2.126430e-04      1
265 7.447229e-05      1
266 9.075224e-06      1
267 5.494543e-05      1
268 3.330574e-04      1
269 1.633241e-03      1
270 3.147570e-06      1
271 9.681368e-04      1
272 5.199665e-04      1
273 1.270347e-04      1
274 1.799067e-05      1
275 9.359066e-06      1
276 3.182619e-05      1
277 5.826332e-05      1
278 5.986592e-04      1
279 2.273094e-03      1
280 4.138145e-05      1
281 1.705822e-04      1
282 1.164112e-03      1
283 7.102036e-05      1
284 4.064304e-04      1
285 3.364789e-05      1
286 2.591656e-06      1
287 1.646094e-03      1
288 9.563864e-04      1
289 7.912507e-04      1
290 3.023239e-04      1
291 3.882758e-04      1
292 4.849960e-05      1
293 1.875774e-05      1
294 4.388961e-05      1
295 3.867658e-04      1
296 5.374835e-06      1
297 1.459693e-04      1
298 4.206570e-05      1
299 1.138419e-03      1
300 1.006479e-03      1
301 3.191244e-05      1
302 5.778410e-06      1
303 8.162187e-04      1
304 9.638313e-05      1
305 6.013099e-04      1
306 7.715682e-06      1
307 1.448382e-06      1
308 1.490282e-04      1
309 2.594871e-08      1
310 6.684562e-04      1
311 1.794429e-04      1
312 2.925692e-04      1
313 3.387791e-07      1
314 1.715692e-04      1
315 8.936860e-04      1
316 4.731075e-04      1
317 1.101035e-04      1
318 1.076358e-04      1
319 2.574841e-05      1
320 1.844865e-05      1
321 3.004420e-03      1
322 2.875563e-04      1
323 5.546869e-05      1
324 1.449817e-04      1
325 1.483891e-04      1
326 1.056770e-04      1
327 2.416726e-04      1
328 1.389091e-04      1
329 7.354590e-05      1
330 3.476309e-04      1
331 4.708575e-04      1
332 1.015691e-04      1
333 1.832485e-04      1
334 2.423606e-04      1
335 1.843091e-06      1
336 1.401656e-04      1
337 4.853158e-04      1
338 7.912363e-05      1
339 6.131551e-04      1
340 7.801954e-04      1
341 4.330357e-04      1
342 3.559366e-04      1
343 6.248023e-04      1
344 2.038497e-04      1
345 6.322164e-04      1
346 5.474762e-04      1
347 6.603303e-04      1
348 9.946053e-05      1
349 1.073173e-03      1
350 2.361267e-04      1
351 2.201338e-04      1
352 1.974129e-06      1
353 1.264087e-04      1
354 1.474820e-03      1
355 4.289417e-04      1
356 2.005308e-04      1
357 2.632545e-04      1
358 2.905069e-04      1
359 1.822377e-04      1
360 6.865744e-08      1
361 1.491858e-04      1
362 5.276638e-05      1
363 3.443457e-05      1
364 4.686260e-04      1
365 4.888854e-04      1
366 7.406505e-05      1
367 1.514101e-07      1
368 8.385525e-05      1
369 8.734585e-06      1
370 3.000502e-03      1
371 2.529093e-04      1
372 6.178877e-04      1
373 5.872679e-07      1
374 1.434503e-04      1
375 3.358881e-04      1
376 7.570218e-05      1
377 1.341204e-03      1
378 4.200655e-05      1
379 1.491159e-04      1
380 1.551316e-06      1
381 4.472483e-04      1
382 5.283479e-05      1
383 1.952955e-03      1
384 5.112835e-04      1
385 8.874485e-07      1
386 4.548880e-06      1
387 3.872803e-07      1
388 2.097819e-04      1
389 2.251701e-07      1
390 2.598502e-04      1
391 1.455565e-04      1
392 8.868744e-04      1
393 6.518260e-05      1
394 4.931673e-04      1
395 3.088494e-04      1
396 5.526831e-05      1
397 2.723224e-04      1
398 2.547852e-05      1
399 4.017147e-04      1
400 1.476701e-04      1
401 2.483333e-05      1
402 3.756262e-04      1
403 1.105624e-04      1
404 1.731138e-04      1
405 2.659058e-04      1
406 4.630180e-05      1
407 6.462996e-08      1
408 1.968777e-04      1
409 9.132348e-06      1
410 8.451560e-05      1
411 3.796958e-04      1
412 2.781832e-05      1
413 1.256136e-03      1
414 1.016670e-03      1
415 6.182975e-05      1
416 1.273111e-04      1
417 9.976625e-05      1
418 3.181055e-06      1
419 7.737313e-04      1
420 3.421521e-05      1
421 4.802964e-06      1
422 2.898459e-04      1
423 5.611426e-04      1
424 8.908035e-06      1
425 1.115887e-04      1
426 2.771824e-04      1
427 2.808811e-04      1
428 6.179295e-04      1
429 2.229758e-06      1
430 1.555941e-05      1
431 5.652705e-06      1
432 8.813752e-08      1
433 2.816836e-08      1
434 3.044851e-09      1
435 6.599203e-04      1
436 1.170028e-04      1
437 3.347837e-04      1
438 2.325712e-05      1
439 1.091934e-03      1
440 5.312366e-04      1
441 1.111175e-04      1
442 5.665762e-06      1
443 2.111026e-04      1
444 8.853598e-06      1
445 1.178414e-04      1
446 5.085743e-05      1
447 2.204249e-05      1
448 2.584239e-04      1
449 1.568219e-03      1
450 1.327401e-04      1
451 4.967740e-04      1
452 7.691777e-04      1
453 1.499443e-04      1
454 8.728072e-04      1
455 1.292018e-04      1
456 9.290197e-05      1
457 9.004872e-05      1
458 1.544429e-04      1
459 2.122246e-05      1
460 7.168439e-05      1
461 6.512919e-04      1
462 3.024869e-04      1
463 5.661669e-04      1
464 3.766648e-04      1
465 2.804266e-05      1
466 2.125828e-04      1
467 7.400138e-06      1
468 4.540931e-05      1
469 1.582971e-04      1
470 7.814511e-04      1
471 2.591616e-05      1
472 8.586725e-05      1
473 2.513528e-04      1
474 6.626998e-05      1
475 2.158440e-04      1
476 3.356351e-06      1
477 5.489172e-04      1
478 3.656453e-04      1
479 2.127900e-05      1
480 1.056085e-06      1
481 4.922952e-05      1
482 6.034065e-05      1
483 2.881941e-04      1
484 5.123086e-05      1
485 7.119704e-05      1
486 1.193596e-05      1
487 1.461057e-05      1
488 2.033791e-04      1
489 1.033798e-07      1
490 6.922101e-04      1
491 1.035376e-05      1
492 1.184716e-04      1
493 7.041500e-05      1
494 7.118929e-06      1
495 4.259824e-05      1
496 4.549145e-04      1
497 2.393917e-04      1
498 9.987346e-04      1
499 6.910269e-05      1
500 1.159368e-03      1
501 3.241256e-05      1
502 3.614417e-05      1
503 3.502618e-06      1
504 1.706979e-04      1
505 4.601512e-05      1
506 3.559747e-04      1
507 1.846958e-04      1
508 2.591539e-05      1
509 3.375651e-08      1
510 4.536415e-11      1
511 2.644557e-05      1
512 2.033772e-03      1
513 2.616366e-04      1
514 2.345182e-05      1
515 8.267281e-04      1
516 5.755624e-04      1
517 4.553936e-05      1
518 1.409888e-05      1
519 5.985169e-04      1
520 5.583243e-04      1
521 1.143384e-06      1
522 1.852554e-04      1
523 6.242205e-05      1
524 4.353541e-04      1
525 4.737191e-05      1
526 2.374466e-04      1
527 3.316473e-04      1
528 5.203282e-05      1
529 7.212544e-07      1
530 5.478467e-04      1
531 7.148377e-04      1
532 1.742694e-05      1
533 1.447932e-04      1
534 1.954932e-07      1
535 1.399305e-03      1
536 1.609813e-03      1
537 1.393062e-04      1
538 3.223316e-05      1
539 4.037951e-05      1
540 3.733719e-04      1
541 9.794195e-04      1
542 7.056526e-05      1
543 1.824424e-04      1
544 2.408311e-04      1
545 2.775986e-05      1
546 6.267664e-04      1
547 3.703627e-04      1
548 3.412762e-04      1
549 1.640331e-05      1
550 1.293988e-04      1
551 4.543184e-05      1
552 5.174039e-04      1
553 2.031973e-06      1
554 6.335235e-04      1
555 2.265146e-07      1
556 2.756375e-04      1
557 6.544711e-05      1
558 4.941020e-04      1
559 2.818156e-05      1
560 4.418230e-05      1
561 1.003820e-03      1
562 2.933782e-04      1
563 1.537915e-04      1
564 3.295281e-05      1
565 8.892163e-04      1
566 3.705881e-04      1
567 8.912009e-04      1
568 3.785681e-05      1
569 2.575770e-03      1
570 1.421439e-04      1
571 5.984695e-04      1
572 1.210975e-04      1
573 4.647821e-07      1
574 1.660855e-04      1
575 1.118190e-04      1
576 8.623351e-05      1
577 1.137786e-04      1
578 1.133616e-03      1
579 1.310075e-04      1
580 6.768951e-04      1
581 3.216932e-05      1
582 1.663308e-04      1
583 7.959784e-05      1
584 4.435323e-04      1
585 3.362821e-04      1
586 1.051438e-04      1
587 2.788267e-07      1
588 6.482105e-05      1
589 5.030757e-05      1
590 2.760874e-03      1
591 2.766953e-04      1
592 8.659076e-04      1
593 1.376759e-05      1
594 2.394860e-06      1
595 3.045187e-04      1
596 9.596864e-07      1
597 7.193829e-04      1
598 6.736063e-04      1
599 3.698549e-07      1
600 8.434976e-04      1
601 2.254444e-04      1
602 3.535829e-04      1
603 1.075620e-04      1
604 2.433379e-06      1
605 2.365725e-04      1
606 5.527322e-04      1
607 4.839323e-05      1
608 2.246042e-06      1
609 4.043108e-04      1
610 1.557073e-04      1
611 2.946456e-04      1
612 4.449057e-05      1
613 1.017856e-04      1
614 3.038586e-06      1
615 3.051336e-06      1
616 2.073836e-05      1
617 9.139127e-05      1
618 1.478906e-04      1
619 1.723238e-04      1
620 1.859905e-04      1
621 2.217818e-06      1
622 2.491356e-07      1
623 1.608726e-04      1
624 3.278076e-05      1
625 6.866329e-04      1
626 1.972634e-04      1
627 7.930669e-05      1
628 1.326853e-04      1
629 4.517575e-07      1
630 5.068186e-04      1
631 1.167503e-05      1
632 1.649849e-05      1
633 8.052096e-04      1
634 2.135725e-04      1
635 1.328167e-05      1
636 1.731819e-05      1
637 2.050010e-05      1
638 1.320192e-04      1
639 2.800110e-04      1
640 4.156332e-04      1
641 1.041006e-04      1
642 3.290667e-06      1
643 2.595892e-04      1
644 2.418029e-05      1
645 5.221441e-05      1
646 2.361947e-04      1
647 4.442867e-05      1
648 4.307150e-05      1
649 2.212736e-04      1
650 1.187125e-04      1
651 4.116136e-04      1
652 3.322310e-04      1
653 8.628185e-04      1
654 3.798082e-08      1
655 2.047204e-05      1
656 6.342952e-05      1
657 4.142608e-04      1
658 7.469463e-05      1
659 5.644490e-05      1
660 3.066028e-05      1
661 1.449551e-06      1
662 1.527805e-05      1
663 8.619183e-05      1
664 1.806999e-04      1
665 4.222361e-04      1
666 9.555347e-04      1
667 2.032080e-04      1
668 6.337895e-04      1
669 3.153688e-06      1
670 2.427039e-05      1
671 5.303521e-05      1
672 1.583683e-03      1
673 3.425083e-04      1
674 2.138953e-05      1
675 8.886501e-04      1
676 9.394428e-06      1
677 2.381382e-03      1
678 1.117571e-03      1
679 3.617156e-05      1
680 6.099464e-05      1
681 8.855830e-05      1
682 1.579897e-04      1
683 5.484087e-05      1
684 2.297078e-05      1
685 1.290048e-04      1
686 1.467785e-04      1
687 6.242917e-07      1
688 8.236076e-06      1
689 5.205533e-06      1
690 2.780856e-04      1
691 1.501804e-04      1
692 2.177316e-04      1
693 2.185209e-05      1
694 1.039390e-05      1
695 1.418410e-06      1
696 8.489827e-06      1
697 4.165534e-04      1
698 1.824344e-05      1
699 4.129988e-04      1
700 3.998292e-04      1
701 8.683834e-07      1
702 7.869403e-04      1
703 1.943477e-04      1
704 8.885665e-04      1
705 1.156539e-04      1
706 2.749039e-06      1
707 1.320886e-03      1
708 2.501721e-05      1
709 4.961317e-05      1
710 1.623892e-06      1
711 1.617488e-04      1
712 1.209993e-03      1
713 7.235544e-04      1
714 9.840522e-05      1
715 9.339267e-06      1
716 6.638595e-04      1
717 4.088695e-05      1
718 1.014384e-04      1
719 4.669155e-04      1
720 1.271614e-05      1
721 3.128382e-05      1
722 3.564565e-05      1
723 6.452233e-04      1
724 1.325444e-09      1
725 2.096858e-04      1
726 8.673277e-05      1
727 6.439129e-04      1
728 7.547888e-05      1
729 2.755803e-05      1
730 4.721600e-05      1
731 6.482590e-05      1
732 1.691551e-05      1
733 9.315757e-05      1
734 5.276040e-06      1
735 8.379071e-05      1
736 2.515267e-04      1
737 5.330401e-04      1
738 8.478962e-04      1
739 7.670496e-05      1
740 2.299491e-04      1
741 1.916075e-04      1
742 1.272984e-04      1
743 7.063716e-05      1
744 1.022442e-05      1
745 3.583250e-08      1
746 3.517955e-04      1
747 1.752170e-04      1
748 8.087310e-06      1
749 5.837199e-04      1
750 1.583715e-04      1
751 1.024643e-04      1
752 3.429185e-05      1
753 3.511275e-05      1
754 5.914447e-05      1
755 1.541788e-07      1
756 2.163753e-04      1
757 4.181379e-04      1
758 2.623255e-03 0.5663
759 4.143329e-04      1
760 5.383934e-06      1
761 3.583593e-05      1
762 2.296858e-04      1
763 1.461507e-04      1
764 1.682292e-05      1
765 2.651568e-04      1
766 2.024707e-04      1
767 1.091527e-04      1
768 3.792103e-06      1
769 3.598468e-06      1
770 1.498576e-08      1
771 7.128532e-04      1
772 5.402489e-04      1
773 2.861157e-04      1
774 5.871732e-05      1
775 2.812787e-05      1
776 3.245757e-05      1
777 2.115841e-05      1
778 1.549093e-04      1
779 2.341021e-03      1
780 2.870516e-05      1
781 4.883122e-04      1
782 3.565162e-04      1
783 1.027155e-04      1
784 4.948601e-07      1
785 3.832185e-04      1
786 1.375118e-04      1
787 2.952499e-05      1
788 9.166585e-04      1
789 2.013437e-03      1
790 6.001378e-04      1
791 7.609857e-04      1
792 2.681079e-04      1
793 6.293575e-05      1
794 1.336511e-04      1
795 4.287861e-04      1
796 1.055767e-03      1
797 2.964560e-05      1
798 4.168628e-04      1
799 7.541515e-07      1
800 1.549090e-04      1
801 4.346704e-05      1
802 3.893000e-04      1
803 1.023857e-04      1
804 5.215479e-06      1
805 4.282197e-05      1
806 9.044914e-04      1
807 3.816233e-07      1
808 3.533744e-04      1
809 2.654419e-05      1

$`MR-PRESSO results`$`Distortion Test`
$`MR-PRESSO results`$`Distortion Test`$`Outliers Indices`
[1] "No significant outliers"

$`MR-PRESSO results`$`Distortion Test`$`Distortion Coefficient`
[1] NA

$`MR-PRESSO results`$`Distortion Test`$Pvalue
[1] NA



