$`Main MR results`
       Exposure       MR Analysis Causal Estimate         Sd    T-stat
1 beta.exposure               Raw      0.02671209 0.04332265 0.6165849
2 beta.exposure Outlier-corrected      0.01753210 0.04115875 0.4259628
    P-value
1 0.5387379
2 0.6709452

$`MR-PRESSO results`
$`MR-PRESSO results`$`Global Test`
$`MR-PRESSO results`$`Global Test`$RSSobs
[1] 144.8949

$`MR-PRESSO results`$`Global Test`$Pvalue
[1] 0.0378


$`MR-PRESSO results`$`Outlier Test`
          RSSobs Pvalue
1   1.188958e-04      1
2   1.557882e-05      1
3   2.194239e-03      1
4   8.461004e-04      1
5   9.253065e-03      1
6   1.220099e-03      1
7   2.560808e-04      1
8   1.541114e-06      1
9   3.131919e-06      1
10  1.995926e-03      1
11  5.065531e-05      1
12  1.834464e-05      1
13  5.800640e-04      1
14  1.707823e-03      1
15  2.449549e-03      1
16  8.497102e-04      1
17  5.924773e-04      1
18  7.058345e-04      1
19  4.788249e-05      1
20  8.005274e-04      1
21  1.799237e-03      1
22  4.115159e-03      1
23  6.592614e-03 0.5175
24  1.694105e-03      1
25  1.710863e-04      1
26  4.266484e-05      1
27  9.224196e-05      1
28  1.278029e-03      1
29  9.670922e-04      1
30  9.158808e-04      1
31  3.424748e-04      1
32  1.667170e-04      1
33  4.109085e-04      1
34  5.197939e-03      1
35  3.806887e-07      1
36  2.951746e-03      1
37  4.708681e-05      1
38  4.211876e-03      1
39  2.343466e-06      1
40  1.578984e-04      1
41  1.503894e-02      1
42  8.850199e-04      1
43  5.235672e-03      1
44  1.352926e-03      1
45  6.056600e-03      1
46  1.086972e-04      1
47  3.830807e-04      1
48  7.807767e-04      1
49  6.905457e-04      1
50  1.636947e-04      1
51  5.154543e-04      1
52  2.174322e-03      1
53  7.046432e-04      1
54  6.753638e-06      1
55  9.862621e-04      1
56  2.641160e-03      1
57  2.357294e-04      1
58  2.713597e-04      1
59  2.231350e-03      1
60  3.646455e-04      1
61  5.446321e-06      1
62  4.396045e-04      1
63  2.610613e-04      1
64  1.634728e-05      1
65  2.278280e-04      1
66  2.590107e-03      1
67  1.341141e-03      1
68  3.874535e-04      1
69  6.163048e-05      1
70  6.664164e-04      1
71  4.244318e-05      1
72  6.859105e-05      1
73  3.709413e-04      1
74  1.678394e-04      1
75  3.125974e-05      1
76  4.239471e-03      1
77  1.907902e-04      1
78  1.129286e-03      1
79  1.208919e-02 0.0345
80  2.764493e-03      1
81  2.347690e-05      1
82  4.504992e-04      1
83  2.661654e-03      1
84  5.827249e-05      1
85  2.295194e-03      1
86  8.011067e-04      1
87  5.557597e-04      1
88  7.746204e-04      1
89  6.020086e-04      1
90  6.026867e-04      1
91  1.987143e-03      1
92  7.757634e-05      1
93  6.393958e-04      1
94  3.863514e-03      1
95  1.085540e-03      1
96  3.998819e-05      1
97  7.578198e-05      1
98  1.013472e-03      1
99  1.858978e-03      1
100 1.619473e-03      1
101 1.058393e-03      1
102 7.496478e-03      1
103 2.368043e-04      1
104 1.021909e-03      1
105 8.329411e-04      1
106 1.245538e-03      1
107 1.947091e-03      1
108 2.568866e-03      1
109 1.134026e-05      1
110 5.164805e-04      1
111 2.351259e-03      1
112 1.168794e-06      1
113 3.227669e-05      1
114 1.017933e-03      1
115 6.928088e-04      1

$`MR-PRESSO results`$`Distortion Test`
$`MR-PRESSO results`$`Distortion Test`$`Outliers Indices`
[1] 79

$`MR-PRESSO results`$`Distortion Test`$`Distortion Coefficient`
beta.exposure 
     52.36104 

$`MR-PRESSO results`$`Distortion Test`$Pvalue
[1] 0.655



