$`Main MR results`
       Exposure       MR Analysis Causal Estimate         Sd   T-stat   P-value
1 beta.exposure               Raw     0.006873488 0.02406237 0.285653 0.7759011
2 beta.exposure Outlier-corrected              NA         NA       NA        NA

$`MR-PRESSO results`
$`MR-PRESSO results`$`Global Test`
$`MR-PRESSO results`$`Global Test`$RSSobs
[1] 126.2938

$`MR-PRESSO results`$`Global Test`$Pvalue
[1] 0.0011


$`MR-PRESSO results`$`Outlier Test`
         RSSobs Pvalue
1  3.820935e-07      1
2  5.026392e-04      1
3  8.592204e-04      1
4  2.076165e-05      1
5  4.207782e-04      1
6  7.503791e-05      1
7  9.521362e-05      1
8  3.095441e-04      1
9  8.301882e-04      1
10 2.889617e-04      1
11 5.380542e-05      1
12 1.001691e-03      1
13 2.902377e-05      1
14 1.219167e-03      1
15 1.225491e-04      1
16 6.951637e-04      1
17 2.182145e-04      1
18 3.440952e-04      1
19 4.426023e-04      1
20 2.251102e-03  0.079
21 6.247965e-04      1
22 4.316458e-06      1
23 1.233842e-05      1
24 4.208960e-04      1
25 2.421358e-04      1
26 7.934238e-06      1
27 1.216384e-04      1
28 1.117022e-03      1
29 5.325430e-04      1
30 3.695252e-06      1
31 1.099385e-03 0.8374
32 5.117204e-04      1
33 3.972053e-05      1
34 5.935012e-09      1
35 2.332350e-04      1
36 3.941369e-04      1
37 1.158751e-05      1
38 3.881555e-04      1
39 2.240194e-04      1
40 1.019901e-03      1
41 2.311739e-04      1
42 1.230585e-06      1
43 2.884089e-04      1
44 1.412331e-04      1
45 3.195252e-03 0.8453
46 4.545171e-06      1
47 1.302973e-04      1
48 6.089557e-04      1
49 1.859272e-05      1
50 3.051957e-04      1
51 7.724542e-05      1
52 3.466262e-08      1
53 9.065980e-05      1
54 9.960825e-05      1
55 6.079630e-06      1
56 4.387846e-05      1
57 3.882835e-05      1
58 4.538630e-05      1
59 1.287665e-04      1
60 1.413547e-03 0.1264
61 2.882115e-04      1
62 3.839014e-05      1
63 5.792740e-06      1
64 3.635062e-04      1
65 4.442017e-04      1
66 2.692203e-04      1
67 1.469235e-07      1
68 3.243387e-05      1
69 7.861590e-05      1
70 1.336210e-03      1
71 3.058795e-04      1
72 7.568492e-06      1
73 1.136171e-05      1
74 3.542538e-04      1
75 5.875037e-04      1
76 1.450661e-04      1
77 2.711887e-05      1
78 8.842707e-05      1
79 1.463787e-07      1

$`MR-PRESSO results`$`Distortion Test`
$`MR-PRESSO results`$`Distortion Test`$`Outliers Indices`
[1] "No significant outliers"

$`MR-PRESSO results`$`Distortion Test`$`Distortion Coefficient`
[1] NA

$`MR-PRESSO results`$`Distortion Test`$Pvalue
[1] NA



