$`Main MR results`
       Exposure       MR Analysis Causal Estimate         Sd    T-stat
1 beta.exposure               Raw      -0.1588417 0.06941617 -2.288252
2 beta.exposure Outlier-corrected              NA         NA        NA
     P-value
1 0.02281125
2         NA

$`MR-PRESSO results`
$`MR-PRESSO results`$`Global Test`
$`MR-PRESSO results`$`Global Test`$RSSobs
[1] 351.906

$`MR-PRESSO results`$`Global Test`$Pvalue
[1] 0.0326


$`MR-PRESSO results`$`Outlier Test`
          RSSobs  Pvalue
1   1.825592e-04       1
2   1.407312e-03       1
3   1.854101e-03 0.13376
4   1.007690e-05       1
5   1.396641e-03       1
6   1.051412e-04       1
7   1.313344e-04       1
8   6.301573e-07       1
9   3.240734e-04       1
10  9.692000e-05       1
11  3.932761e-05       1
12  4.133440e-05       1
13  1.062242e-03       1
14  1.684981e-04       1
15  9.642870e-05       1
16  3.421484e-04       1
17  5.741147e-05       1
18  1.745899e-03       1
19  2.098247e-05       1
20  2.215975e-06       1
21  2.129450e-04       1
22  5.348227e-04       1
23  1.775109e-04       1
24  2.480157e-06       1
25  1.210384e-04       1
26  5.877605e-05       1
27  1.172091e-05       1
28  2.224142e-03       1
29  1.093617e-03       1
30  7.872989e-05       1
31  8.018549e-04       1
32  6.023566e-06       1
33  4.174047e-06       1
34  4.735912e-04       1
35  4.731232e-05       1
36  1.712397e-05       1
37  1.280339e-04       1
38  1.639848e-04       1
39  2.911364e-04       1
40  3.577287e-04       1
41  1.297769e-03       1
42  2.107113e-04       1
43  2.212117e-04       1
44  1.331730e-04       1
45  1.523720e-04       1
46  1.643858e-03       1
47  5.369542e-06       1
48  1.191451e-06       1
49  9.000361e-04       1
50  9.068857e-03       1
51  1.558863e-04       1
52  1.440424e-03       1
53  2.521567e-06       1
54  1.175241e-04       1
55  3.215172e-04       1
56  1.250996e-05       1
57  1.457494e-05       1
58  3.247978e-04       1
59  4.186085e-05       1
60  2.833102e-05       1
61  6.133451e-04       1
62  2.432016e-04       1
63  1.772786e-06       1
64  7.361806e-04       1
65  2.658615e-04       1
66  3.420603e-04       1
67  1.294749e-05       1
68  3.061803e-06       1
69  1.148752e-05       1
70  3.727349e-04       1
71  2.484488e-05       1
72  2.761234e-05       1
73  4.491976e-04       1
74  1.928946e-04       1
75  1.174727e-04       1
76  1.837193e-07       1
77  4.221081e-04       1
78  5.544060e-04       1
79  3.006522e-04       1
80  3.677477e-05       1
81  7.851804e-06       1
82  8.529217e-05       1
83  2.801530e-06       1
84  1.487377e-05       1
85  3.505151e-04       1
86  7.567239e-05       1
87  6.734130e-05       1
88  5.006381e-04       1
89  1.782885e-04       1
90  1.004072e-03       1
91  3.805469e-05       1
92  4.338084e-04       1
93  2.701324e-04       1
94  8.342948e-04       1
95  4.081325e-05       1
96  5.249971e-06       1
97  7.600809e-05       1
98  4.572144e-05       1
99  6.814252e-05       1
100 2.048372e-07       1
101 2.444619e-05       1
102 5.424327e-05       1
103 5.197172e-04       1
104 4.908650e-05       1
105 4.211724e-04       1
106 6.134881e-06       1
107 1.506519e-04       1
108 2.816076e-04       1
109 3.601533e-04       1
110 2.181229e-03  0.5472
111 4.567931e-04       1
112 3.259067e-04       1
113 2.787781e-06       1
114 8.210567e-06       1
115 6.836972e-07       1
116 7.957193e-05       1
117 1.759674e-07       1
118 3.753753e-06       1
119 4.970220e-05       1
120 7.375530e-04       1
121 5.428273e-05       1
122 1.387592e-04       1
123 9.555834e-07       1
124 5.098276e-05       1
125 3.772267e-06       1
126 4.595016e-04       1
127 9.383816e-06       1
128 4.970976e-05       1
129 2.165318e-04       1
130 2.136799e-05       1
131 1.543088e-03       1
132 4.095345e-04       1
133 2.562015e-10       1
134 5.630507e-04       1
135 8.246427e-04       1
136 1.497915e-03 0.86336
137 2.191948e-04       1
138 1.910703e-05       1
139 3.155544e-06       1
140 1.282079e-04       1
141 8.890779e-05       1
142 7.263085e-04       1
143 1.309345e-04       1
144 5.506539e-05       1
145 2.821571e-04       1
146 1.415976e-04       1
147 4.600654e-04       1
148 2.752574e-03       1
149 3.299092e-05       1
150 7.214597e-04       1
151 4.701636e-06       1
152 1.430210e-05       1
153 1.127703e-04       1
154 8.462318e-06       1
155 1.077468e-04       1
156 2.231306e-04       1
157 1.327113e-03       1
158 1.970726e-06       1
159 2.286869e-05       1
160 4.965114e-04       1
161 2.671395e-04       1
162 4.551575e-04       1
163 1.688865e-05       1
164 1.931534e-04       1
165 4.924413e-04       1
166 8.234866e-04       1
167 1.750061e-05       1
168 3.238247e-04       1
169 1.420329e-04       1
170 3.122897e-05       1
171 9.184698e-04       1
172 1.652528e-06       1
173 3.134857e-05       1
174 2.104910e-04       1
175 3.364415e-04       1
176 1.333505e-04       1
177 6.032810e-07       1
178 2.966353e-05       1
179 2.436610e-05       1
180 9.016362e-05       1
181 1.563334e-05       1
182 4.319607e-06       1
183 6.234411e-05       1
184 3.430808e-05       1
185 3.236242e-04       1
186 4.113940e-05       1
187 1.453244e-04       1
188 1.089794e-03       1
189 3.081940e-05       1
190 1.515642e-05       1
191 7.868332e-04       1
192 1.215474e-04       1
193 1.813844e-03       1
194 3.877062e-06       1
195 1.268554e-04       1
196 9.738364e-05       1
197 4.916761e-05       1
198 4.992293e-06       1
199 1.272471e-06       1
200 1.363579e-04       1
201 1.303752e-04       1
202 1.784185e-04       1
203 2.365686e-04       1
204 3.312014e-04       1
205 7.566972e-05       1
206 2.758934e-05       1
207 1.676708e-05       1
208 5.071153e-04       1
209 8.157040e-05       1
210 2.690095e-04       1
211 1.401832e-03       1
212 9.856054e-04       1
213 3.748038e-04       1
214 3.073075e-04       1
215 1.159731e-05       1
216 1.243369e-05       1
217 5.268619e-04       1
218 4.520954e-05       1
219 2.227651e-04       1
220 3.078402e-05       1
221 5.799233e-04       1
222 1.787501e-05       1
223 5.326383e-06       1
224 1.190293e-05       1
225 1.561782e-03       1
226 4.222030e-05       1
227 1.218444e-04       1
228 1.699975e-05       1
229 2.272974e-04       1
230 3.455224e-04       1
231 1.189115e-04       1
232 7.096503e-04       1
233 2.247113e-04       1
234 2.099964e-04       1
235 1.016405e-05       1
236 2.344739e-04       1
237 3.567849e-04       1
238 5.025122e-06       1
239 1.711870e-04       1
240 4.133997e-05       1
241 2.983360e-05       1
242 1.344573e-03       1
243 7.710124e-06       1
244 6.325557e-04       1
245 1.607306e-05       1
246 2.353595e-03       1
247 2.036996e-04       1
248 4.705751e-06       1
249 1.508413e-04       1
250 2.673332e-04       1
251 1.146902e-04       1
252 6.075523e-03       1
253 4.906361e-04       1
254 1.052735e-04       1
255 6.444847e-04       1
256 6.836877e-04       1
257 3.917093e-05       1
258 1.313339e-04       1
259 1.325176e-03       1
260 8.837022e-06       1
261 7.161864e-04       1
262 4.471098e-05       1
263 3.663150e-04       1
264 1.754023e-06       1
265 8.463368e-05       1
266 5.232908e-07       1
267 6.825599e-07       1
268 8.696781e-06       1
269 3.495434e-05       1
270 1.410117e-04       1
271 1.980812e-04       1
272 7.803951e-05       1
273 1.003464e-03       1
274 3.457370e-04       1
275 6.338570e-06       1
276 5.254761e-05       1
277 6.025204e-05       1
278 3.656840e-05       1
279 1.229432e-05       1
280 1.695182e-05       1
281 1.759934e-04       1
282 4.531526e-05       1
283 1.797643e-04       1
284 3.602195e-04       1
285 1.448033e-04       1
286 7.918968e-05       1
287 8.952982e-04       1
288 8.484967e-04       1
289 2.753368e-04       1
290 6.510952e-04       1
291 4.059613e-05       1
292 6.408462e-05       1
293 2.839838e-05       1
294 4.285340e-04       1
295 1.161976e-04       1
296 3.979693e-07       1
297 1.726955e-04       1
298 8.454578e-06       1
299 1.727835e-04       1
300 1.712535e-04       1
301 6.907360e-05       1
302 7.194284e-05       1
303 5.996258e-04       1
304 2.963191e-04       1

$`MR-PRESSO results`$`Distortion Test`
$`MR-PRESSO results`$`Distortion Test`$`Outliers Indices`
[1] "No significant outliers"

$`MR-PRESSO results`$`Distortion Test`$`Distortion Coefficient`
[1] NA

$`MR-PRESSO results`$`Distortion Test`$Pvalue
[1] NA



