$`Main MR results`
       Exposure       MR Analysis Causal Estimate         Sd     T-stat
1 beta.exposure               Raw    -0.009587607 0.04351123 -0.2203479
2 beta.exposure Outlier-corrected    -0.019739798 0.03973196 -0.4968241
    P-value
1 0.8260781
2 0.6204855

$`MR-PRESSO results`
$`MR-PRESSO results`$`Global Test`
$`MR-PRESSO results`$`Global Test`$RSSobs
[1] 122.9893

$`MR-PRESSO results`$`Global Test`$Pvalue
[1] 0.038


$`MR-PRESSO results`$`Outlier Test`
         RSSobs  Pvalue
1  4.789466e-04       1
2  2.567151e-04       1
3  1.827724e-03       1
4  1.405801e-04       1
5  4.620588e-05       1
6  6.048078e-06       1
7  1.386385e-03       1
8  1.401925e-07       1
9  2.714601e-03       1
10 1.576024e-04       1
11 2.480690e-03       1
12 5.026433e-04       1
13 1.469711e-04       1
14 6.087544e-04       1
15 7.977999e-03   0.171
16 4.350278e-04       1
17 4.737191e-04       1
18 1.226704e-03       1
19 1.658836e-04       1
20 9.177304e-05       1
21 2.280816e-03       1
22 1.431621e-03       1
23 2.354605e-03       1
24 1.409993e-07       1
25 2.370987e-04       1
26 2.030810e-03       1
27 7.580858e-04       1
28 3.590452e-04       1
29 4.301111e-03       1
30 4.911694e-05       1
31 7.734420e-06       1
32 2.431498e-04       1
33 1.084292e-04       1
34 1.553907e-03       1
35 6.130734e-04       1
36 2.304891e-05       1
37 4.133397e-04       1
38 1.133002e-03       1
39 7.946821e-03       1
40 2.462427e-04       1
41 3.050829e-04       1
42 4.981138e-04       1
43 1.280703e-04       1
44 4.092222e-03       1
45 1.611854e-09       1
46 4.284357e-04       1
47 1.497528e-05       1
48 1.985861e-03       1
49 6.038618e-04       1
50 1.842466e-05       1
51 3.220845e-05       1
52 1.311715e-03       1
53 5.341741e-05       1
54 4.860511e-04       1
55 1.478984e-03       1
56 1.581623e-03       1
57 2.995661e-03       1
58 2.780796e-03       1
59 2.417981e-04       1
60 3.121501e-04       1
61 1.394092e-05       1
62 1.409468e-03       1
63 2.589769e-04       1
64 1.605809e-04       1
65 2.190431e-04       1
66 3.705441e-03       1
67 1.174956e-04       1
68 1.831549e-02 <0.0095
69 2.678826e-04       1
70 1.460326e-04       1
71 1.161463e-03       1
72 5.332604e-04       1
73 8.765094e-05       1
74 5.402979e-05       1
75 3.573827e-05       1
76 1.087816e-03       1
77 1.140204e-03       1
78 8.192449e-04       1
79 9.882351e-04       1
80 3.210146e-04       1
81 1.096002e-02       1
82 1.436519e-05       1
83 5.908502e-05       1
84 9.169620e-06       1
85 1.788821e-04       1
86 4.198607e-03       1
87 4.825379e-08       1
88 1.245527e-04       1
89 1.042008e-04       1
90 6.310899e-04       1
91 1.361619e-03       1
92 9.380427e-04       1
93 1.103418e-04       1
94 2.464478e-03       1
95 2.689933e-06       1

$`MR-PRESSO results`$`Distortion Test`
$`MR-PRESSO results`$`Distortion Test`$`Outliers Indices`
[1] 68

$`MR-PRESSO results`$`Distortion Test`$`Distortion Coefficient`
beta.exposure 
     51.43006 

$`MR-PRESSO results`$`Distortion Test`$Pvalue
[1] 0.8583



