$`Main MR results`
       Exposure       MR Analysis Causal Estimate          Sd    T-stat
1 beta.exposure               Raw     0.001878034 0.007448784 0.2521263
2 beta.exposure Outlier-corrected     0.004232565 0.007337264 0.5768588
    P-value
1 0.8010604
2 0.5643285

$`MR-PRESSO results`
$`MR-PRESSO results`$`Global Test`
$`MR-PRESSO results`$`Global Test`$RSSobs
[1] 559.8665

$`MR-PRESSO results`$`Global Test`$Pvalue
[1] 2e-04


$`MR-PRESSO results`$`Outlier Test`
          RSSobs   Pvalue
1   9.061527e-04        1
2   2.410925e-04        1
3   9.675134e-04        1
4   6.149761e-05        1
5   1.041695e-03        1
6   1.557793e-03        1
7   1.495179e-03        1
8   1.127755e-03        1
9   2.053403e-03        1
10  1.874037e-03        1
11  6.335635e-05        1
12  1.178461e-05        1
13  3.957414e-03        1
14  4.925609e-05        1
15  1.041327e-03        1
16  3.018103e-04        1
17  2.615561e-03        1
18  8.946181e-05        1
19  2.803111e-04        1
20  3.736904e-04        1
21  9.784340e-05        1
22  5.635727e-05        1
23  8.281914e-05        1
24  2.165035e-03        1
25  3.675871e-05        1
26  1.774519e-03        1
27  2.567194e-05        1
28  4.106611e-05        1
29  7.219972e-04        1
30  1.129454e-02        1
31  4.176195e-05        1
32  3.284684e-04        1
33  1.942624e-04        1
34  5.539515e-05        1
35  1.877025e-03        1
36  6.264936e-04        1
37  4.399705e-04        1
38  9.663375e-04        1
39  1.993045e-03        1
40  9.270486e-04        1
41  1.833604e-03        1
42  5.035356e-03        1
43  3.526630e-03        1
44  1.241918e-04        1
45  4.107357e-03        1
46  6.420808e-05        1
47  1.021028e-03        1
48  4.363789e-03        1
49  2.801991e-03        1
50  5.282875e-04        1
51  2.875561e-04        1
52  8.154001e-05        1
53  3.308410e-04        1
54  1.788354e-05        1
55  2.897118e-03        1
56  1.185057e-03        1
57  8.274729e-06        1
58  2.246299e-03        1
59  2.450927e-03        1
60  4.174091e-05        1
61  1.853123e-05        1
62  4.977193e-05        1
63  9.601951e-04        1
64  7.193875e-04        1
65  4.470161e-04        1
66  2.791872e-04        1
67  9.843345e-04        1
68  2.674994e-04        1
69  6.261224e-04        1
70  4.979934e-06        1
71  6.237595e-06        1
72  2.862324e-03        1
73  6.580410e-04        1
74  5.439461e-04        1
75  1.961253e-03        1
76  1.825834e-03        1
77  2.336563e-06        1
78  7.002145e-04        1
79  2.711739e-04        1
80  2.303755e-06        1
81  1.865729e-07        1
82  7.352500e-04        1
83  2.194770e-04        1
84  7.131660e-03  0.19536
85  2.714812e-05        1
86  4.590017e-05        1
87  5.001808e-03        1
88  8.124843e-04        1
89  2.913897e-04        1
90  4.086875e-04        1
91  1.145857e-03        1
92  4.377448e-04        1
93  1.407155e-04        1
94  1.391657e-04        1
95  2.890029e-04        1
96  2.616778e-04        1
97  1.468147e-03        1
98  1.507663e-03        1
99  8.029900e-03        1
100 1.442820e-03        1
101 6.584510e-03   0.1776
102 7.630119e-05        1
103 5.503329e-04        1
104 1.755432e-03        1
105 1.560996e-03        1
106 7.044451e-05        1
107 1.434403e-05        1
108 3.666388e-05        1
109 1.516621e-04        1
110 5.798726e-04        1
111 1.786719e-04        1
112 2.066246e-05        1
113 1.694565e-04        1
114 8.478574e-04        1
115 1.936851e-03        1
116 2.117995e-04        1
117 8.929800e-06        1
118 4.325234e-04        1
119 2.587847e-03        1
120 4.172278e-03        1
121 4.360877e-03        1
122 4.278397e-04        1
123 1.129118e-03        1
124 3.120731e-05        1
125 8.488925e-05        1
126 3.470059e-04        1
127 4.218572e-04        1
128 4.223216e-05        1
129 1.193714e-04        1
130 4.852291e-04        1
131 2.175036e-03        1
132 3.380197e-04        1
133 7.470722e-05        1
134 3.065059e-04        1
135 3.862882e-04        1
136 1.769696e-03        1
137 5.126826e-03        1
138 3.255588e-04        1
139 3.654168e-04        1
140 8.174385e-04        1
141 1.646024e-03        1
142 2.687479e-07        1
143 5.622626e-04        1
144 1.634723e-05        1
145 1.938908e-04        1
146 3.341990e-04        1
147 1.691077e-03        1
148 1.313618e-03        1
149 2.169565e-04        1
150 3.177291e-02        1
151 9.841860e-06        1
152 1.860652e-03        1
153 1.454566e-04        1
154 1.175773e-05        1
155 2.465008e-05        1
156 5.011791e-04        1
157 1.133662e-02  0.07104
158 8.956527e-05        1
159 9.034284e-06        1
160 6.130937e-04        1
161 1.729933e-03        1
162 1.611854e-04        1
163 5.202678e-04        1
164 4.656672e-04        1
165 7.343033e-04        1
166 1.967552e-05        1
167 7.831335e-04        1
168 5.489013e-04        1
169 4.845364e-04        1
170 1.039512e-03        1
171 6.089685e-04        1
172 5.945682e-05        1
173 1.851108e-03        1
174 3.682806e-03        1
175 2.621802e-03        1
176 1.361268e-03        1
177 3.269311e-03        1
178 4.651024e-05        1
179 6.875076e-04        1
180 8.320452e-04        1
181 3.511505e-03        1
182 4.619196e-04        1
183 1.038442e-03        1
184 2.134264e-03        1
185 6.378719e-05        1
186 4.135922e-04        1
187 3.103675e-04        1
188 2.579918e-05        1
189 7.646183e-06        1
190 9.080044e-04        1
191 7.268601e-04        1
192 5.824292e-05        1
193 1.462838e-04        1
194 1.856946e-06        1
195 1.166307e-03        1
196 1.443475e-03        1
197 2.191373e-04        1
198 1.410037e-05        1
199 2.915603e-05        1
200 6.468560e-06        1
201 2.606731e-07        1
202 7.281271e-04        1
203 5.581408e-04        1
204 3.410253e-04        1
205 3.068631e-05        1
206 8.782357e-05        1
207 2.650789e-03        1
208 3.937505e-04        1
209 1.337603e-04        1
210 7.174836e-04        1
211 7.429307e-05        1
212 4.777685e-05        1
213 6.168011e-04        1
214 1.087970e-03        1
215 1.066463e-03        1
216 2.802148e-03        1
217 5.605701e-04        1
218 2.249851e-05        1
219 8.902020e-05        1
220 5.349468e-03        1
221 2.284470e-04        1
222 3.307384e-04        1
223 1.796627e-04        1
224 7.051779e-06        1
225 5.517674e-05        1
226 5.394477e-04        1
227 6.806411e-04        1
228 3.369240e-04        1
229 9.309620e-04        1
230 2.486737e-05        1
231 7.557025e-05        1
232 3.666793e-05        1
233 5.022849e-06        1
234 4.080840e-04        1
235 1.364942e-03        1
236 3.257661e-04        1
237 7.814696e-06        1
238 1.738856e-04        1
239 1.912689e-03        1
240 2.202600e-03        1
241 6.825928e-04        1
242 4.280400e-04        1
243 4.021474e-04        1
244 6.878838e-04        1
245 1.013185e-06        1
246 5.222989e-04        1
247 7.305805e-04        1
248 1.565044e-03        1
249 3.687592e-04        1
250 2.705470e-04        1
251 3.914544e-05        1
252 8.492272e-06        1
253 7.195925e-04        1
254 1.194329e-04        1
255 2.426577e-03        1
256 4.448586e-04        1
257 8.482952e-04        1
258 9.069943e-03        1
259 5.278401e-05        1
260 1.045820e-03        1
261 1.639971e-04        1
262 1.138514e-04        1
263 3.499829e-06        1
264 1.542626e-03        1
265 7.813033e-03        1
266 7.958840e-04        1
267 3.878560e-05        1
268 8.514818e-04        1
269 1.363510e-03        1
270 1.654405e-04        1
271 1.801769e-04        1
272 1.290120e-03        1
273 4.103489e-03        1
274 6.437403e-04        1
275 9.142774e-04        1
276 1.724835e-03        1
277 1.274821e-02 <0.01776
278 2.924084e-03        1
279 1.582962e-04        1
280 6.092284e-06        1
281 1.314025e-03        1
282 1.108540e-03        1
283 5.799473e-04        1
284 1.124386e-04        1
285 6.653907e-03  0.55056
286 7.778420e-04        1
287 9.590201e-07        1
288 9.169993e-04        1
289 1.405586e-03        1
290 3.573001e-04        1
291 1.187037e-04        1
292 2.663962e-04        1
293 4.273664e-03        1
294 7.001606e-05        1
295 6.265689e-07        1
296 6.954684e-06        1
297 1.480215e-03        1
298 6.291696e-05        1
299 1.438992e-03        1
300 1.416189e-03        1
301 3.131938e-04        1
302 4.617100e-05        1
303 4.970690e-03        1
304 9.145518e-04        1
305 1.365421e-03        1
306 5.170379e-04        1
307 3.808462e-05        1
308 4.659768e-03        1
309 1.082727e-03        1
310 1.219312e-03        1
311 1.177123e-04        1
312 9.804632e-04        1
313 1.189711e-03        1
314 3.878466e-04        1
315 1.870245e-03        1
316 6.245585e-04        1
317 2.061516e-04        1
318 1.373527e-05        1
319 1.832046e-05        1
320 4.009270e-05        1
321 3.415321e-04        1
322 6.014268e-05        1
323 1.867147e-04        1
324 1.255274e-04        1
325 9.336610e-05        1
326 2.878978e-04        1
327 9.477685e-04        1
328 2.960219e-05        1
329 1.056196e-04        1
330 8.007333e-04        1
331 7.076877e-05        1
332 1.153890e-07        1
333 3.590330e-05        1
334 1.070852e-03        1
335 3.306052e-04        1
336 1.253626e-07        1
337 7.041873e-04        1
338 5.979795e-04        1
339 9.444275e-04        1
340 8.259596e-07        1
341 9.734558e-04        1
342 3.898768e-05        1
343 2.378535e-05        1
344 1.381224e-03        1
345 1.759662e-03        1
346 7.485012e-04        1
347 3.974258e-05        1
348 1.288316e-05        1
349 2.812513e-04        1
350 1.244668e-03        1
351 1.838231e-04        1
352 1.910089e-04        1
353 2.226770e-03        1
354 8.356610e-05        1
355 5.661763e-05        1
356 1.616684e-03        1
357 1.286154e-05        1
358 7.565879e-05        1
359 2.995144e-04        1
360 1.166163e-03        1
361 1.883132e-07        1
362 1.545896e-06        1
363 2.117818e-04        1
364 1.924650e-03        1
365 1.347717e-03        1
366 2.105975e-05        1
367 1.922831e-04        1
368 1.928584e-03        1
369 2.709552e-03        1
370 7.284745e-04        1
371 8.587849e-04        1
372 5.193434e-03        1
373 9.650078e-04        1
374 8.176363e-04        1
375 1.803849e-03        1
376 1.358155e-04        1
377 5.110371e-04        1
378 3.235941e-04        1
379 1.380820e-04        1
380 8.589360e-04        1
381 1.237317e-04        1
382 2.132296e-03        1
383 8.499937e-04        1
384 6.785339e-04        1
385 6.726852e-04        1
386 1.738776e-04        1
387 8.267211e-04        1
388 1.314290e-03        1
389 3.748975e-03        1
390 6.924000e-04        1
391 6.430577e-02        1
392 9.726947e-04        1
393 2.834671e-02        1
394 3.419624e-04        1
395 3.390421e-04        1
396 2.910686e-03        1
397 2.794042e-03        1
398 1.672931e-03        1
399 9.067179e-04        1
400 1.840985e-04        1
401 2.669566e-06        1
402 1.270068e-03        1
403 1.022409e-03        1
404 1.069854e-03        1
405 5.766130e-05        1
406 4.213521e-05        1
407 1.004915e-05        1
408 3.499512e-04        1
409 2.933490e-05        1
410 5.869328e-04        1
411 1.074977e-04        1
412 1.357496e-02        1
413 2.559400e-04        1
414 7.143046e-04        1
415 9.561523e-05        1
416 8.110379e-04        1
417 1.211020e-04        1
418 2.867061e-03        1
419 2.829550e-04        1
420 1.937506e-03        1
421 1.063422e-03        1
422 2.004653e-06        1
423 1.021659e-04        1
424 1.443758e-03        1
425 1.185294e-04        1
426 1.320256e-06        1
427 7.518949e-08        1
428 9.292068e-05        1
429 5.332910e-04        1
430 1.547516e-05        1
431 6.144830e-05        1
432 4.433443e-05        1
433 2.652365e-05        1
434 1.724214e-03        1
435 9.961760e-04        1
436 1.061560e-03        1
437 4.507572e-05        1
438 5.000852e-04        1
439 1.858757e-05        1
440 3.638801e-04        1
441 3.174550e-04        1
442 9.812336e-07        1
443 2.365106e-04        1
444 6.759139e-04        1

$`MR-PRESSO results`$`Distortion Test`
$`MR-PRESSO results`$`Distortion Test`$`Outliers Indices`
[1] 277

$`MR-PRESSO results`$`Distortion Test`$`Distortion Coefficient`
beta.exposure 
    -55.62894 

$`MR-PRESSO results`$`Distortion Test`$Pvalue
[1] 0.83108



