$`Main MR results`
       Exposure       MR Analysis Causal Estimate         Sd   T-stat
1 beta.exposure               Raw       0.3650588 0.06211131 5.877493
2 beta.exposure Outlier-corrected              NA         NA       NA
       P-value
1 7.590334e-09
2           NA

$`MR-PRESSO results`
$`MR-PRESSO results`$`Global Test`
$`MR-PRESSO results`$`Global Test`$RSSobs
[1] 616.0171

$`MR-PRESSO results`$`Global Test`$Pvalue
[1] 0.00056


$`MR-PRESSO results`$`Outlier Test`
          RSSobs  Pvalue
1   1.936310e-04       1
2   4.723653e-05       1
3   1.880731e-04       1
4   1.083751e-03       1
5   2.678235e-03       1
6   2.218580e-03       1
7   4.074169e-04       1
8   1.629344e-05       1
9   4.256226e-04       1
10  2.611371e-05       1
11  1.027955e-04       1
12  5.059884e-04       1
13  4.149208e-04       1
14  1.445153e-04       1
15  1.781718e-03       1
16  2.081447e-05       1
17  1.243308e-03       1
18  8.188654e-04       1
19  8.149252e-04       1
20  1.517452e-05       1
21  1.030758e-03       1
22  2.121131e-05       1
23  1.769428e-04       1
24  1.435760e-04       1
25  4.111363e-06       1
26  4.145041e-04       1
27  2.272475e-06       1
28  5.682242e-04       1
29  4.686769e-04       1
30  6.110084e-04       1
31  3.511438e-04       1
32  1.002258e-03       1
33  1.179557e-04       1
34  9.873296e-04       1
35  7.037962e-05       1
36  1.249896e-05       1
37  5.909178e-05       1
38  1.400540e-04       1
39  2.109660e-04       1
40  3.579321e-04       1
41  2.584812e-06       1
42  3.846757e-05       1
43  2.643484e-04       1
44  2.579001e-03       1
45  3.543867e-04       1
46  2.697943e-04       1
47  8.212481e-06       1
48  1.065162e-03       1
49  2.866241e-05       1
50  9.870355e-05       1
51  2.223774e-05       1
52  9.806715e-06       1
53  1.677376e-05       1
54  5.642184e-04       1
55  7.936187e-05       1
56  3.977565e-04       1
57  1.985443e-06       1
58  4.339481e-03       1
59  7.501331e-04       1
60  9.490187e-05       1
61  4.544414e-04       1
62  4.361306e-04       1
63  1.709878e-04       1
64  2.471165e-03       1
65  9.243392e-07       1
66  1.585110e-03       1
67  1.861821e-05       1
68  8.803330e-04       1
69  3.355839e-04       1
70  4.513491e-04       1
71  1.688500e-03       1
72  9.849070e-05       1
73  2.455082e-06       1
74  5.188377e-04       1
75  4.196875e-05       1
76  7.956913e-05       1
77  1.340018e-03       1
78  1.296765e-03       1
79  9.642162e-04       1
80  6.698571e-05       1
81  2.197375e-06       1
82  2.718589e-04       1
83  2.641337e-03       1
84  2.106773e-03       1
85  3.906576e-04       1
86  1.170402e-04       1
87  1.101595e-05       1
88  2.555397e-03       1
89  4.017073e-06       1
90  1.175918e-03       1
91  8.630578e-05       1
92  2.822834e-05       1
93  1.112164e-03       1
94  3.357055e-04       1
95  3.475391e-04       1
96  7.640737e-05       1
97  2.228755e-03       1
98  1.924765e-03       1
99  9.129320e-04       1
100 2.557604e-04       1
101 7.718877e-04       1
102 5.923059e-06       1
103 6.184990e-05       1
104 6.172118e-04       1
105 1.260837e-04       1
106 1.712837e-04       1
107 2.295919e-04       1
108 3.872066e-05       1
109 1.032080e-03       1
110 9.724208e-05       1
111 2.851720e-05       1
112 2.553953e-04       1
113 8.547823e-04       1
114 1.781030e-03       1
115 7.387877e-04       1
116 7.377327e-04       1
117 1.480333e-06       1
118 1.915081e-04       1
119 8.280516e-05       1
120 1.366164e-04       1
121 1.079465e-03       1
122 1.568374e-04       1
123 1.129885e-03       1
124 3.754567e-03       1
125 1.628440e-04       1
126 4.050572e-05       1
127 1.076775e-04       1
128 4.644425e-04       1
129 5.864040e-04       1
130 3.600146e-04       1
131 9.762692e-04       1
132 7.308529e-05       1
133 5.432951e-05       1
134 6.278189e-04       1
135 5.905800e-04       1
136 9.909319e-04       1
137 5.856482e-05       1
138 3.264527e-04       1
139 5.517135e-04       1
140 4.375654e-04       1
141 7.791574e-04       1
142 6.954168e-04       1
143 2.298196e-04       1
144 2.385986e-06       1
145 4.669696e-04       1
146 7.121829e-04       1
147 4.300174e-04       1
148 1.138797e-04       1
149 8.437046e-05       1
150 5.601204e-04       1
151 3.280225e-04       1
152 1.992591e-05       1
153 1.789585e-05       1
154 1.883804e-03       1
155 9.845400e-05       1
156 5.013033e-04       1
157 3.587654e-05       1
158 8.174806e-04       1
159 3.010943e-04       1
160 5.733829e-07       1
161 2.013743e-03       1
162 1.398148e-03       1
163 3.935184e-03       1
164 4.686087e-04       1
165 1.380447e-03       1
166 1.498840e-03       1
167 1.501751e-06       1
168 7.947849e-04       1
169 2.158664e-03       1
170 5.339676e-05       1
171 4.370676e-06       1
172 1.645683e-05       1
173 7.024396e-04       1
174 6.842954e-04       1
175 1.219274e-04       1
176 3.686840e-03       1
177 3.255147e-03       1
178 4.623763e-04       1
179 5.460525e-04       1
180 3.752128e-04       1
181 4.798407e-03       1
182 3.624546e-05       1
183 1.447626e-03       1
184 8.775220e-05       1
185 1.210996e-05       1
186 1.721457e-03       1
187 1.439201e-03       1
188 2.506847e-05       1
189 3.791827e-04       1
190 1.314791e-05       1
191 1.338861e-07       1
192 3.624701e-05       1
193 9.530687e-04       1
194 2.684333e-03       1
195 2.004195e-03       1
196 5.919258e-04       1
197 2.644156e-04       1
198 1.746931e-04       1
199 1.339751e-03       1
200 1.652910e-05       1
201 2.041007e-04       1
202 1.539922e-05       1
203 3.369639e-06       1
204 9.355418e-07       1
205 3.519389e-04       1
206 2.550293e-04       1
207 9.209434e-05       1
208 2.128145e-04       1
209 2.929086e-08       1
210 1.745352e-04       1
211 1.654058e-03       1
212 1.904342e-03       1
213 2.639661e-03       1
214 6.081802e-05       1
215 8.402900e-05       1
216 1.717384e-04       1
217 2.898999e-05       1
218 1.247349e-03       1
219 1.242829e-03       1
220 2.465022e-06       1
221 2.020716e-04       1
222 5.240348e-04       1
223 9.092621e-05       1
224 2.621747e-03       1
225 1.382298e-04       1
226 5.818144e-05       1
227 5.029919e-05       1
228 1.896767e-03       1
229 3.654856e-04       1
230 2.218017e-04       1
231 5.268143e-05       1
232 1.180944e-03       1
233 8.116828e-05       1
234 8.252935e-05       1
235 5.803000e-07       1
236 6.587944e-04       1
237 1.360800e-07       1
238 3.810816e-04       1
239 2.271467e-04       1
240 3.716047e-06       1
241 5.914920e-04       1
242 1.806527e-08       1
243 2.963584e-04       1
244 5.863666e-05       1
245 7.214642e-05       1
246 1.009915e-04       1
247 4.577318e-04       1
248 1.860603e-03       1
249 3.252232e-04       1
250 1.326810e-03       1
251 4.209121e-04       1
252 1.443647e-05       1
253 5.744454e-04       1
254 1.626229e-05       1
255 1.723235e-03       1
256 1.131084e-04       1
257 1.508036e-03       1
258 2.822971e-03       1
259 1.908102e-04       1
260 2.367963e-03       1
261 8.105256e-04       1
262 2.194650e-04       1
263 6.157279e-04       1
264 8.057135e-05       1
265 2.503656e-06       1
266 1.386451e-04       1
267 2.190597e-04       1
268 1.541137e-03       1
269 1.722553e-05       1
270 1.390785e-07       1
271 8.609131e-06       1
272 1.869523e-05       1
273 5.804162e-05       1
274 5.797432e-04       1
275 8.167486e-06       1
276 4.730122e-04       1
277 4.400342e-04       1
278 9.076635e-07       1
279 3.936604e-05       1
280 4.204754e-07       1
281 3.665912e-05       1
282 9.362475e-04       1
283 8.159116e-04       1
284 3.546555e-04       1
285 3.177102e-03       1
286 1.394056e-03       1
287 2.348823e-05       1
288 6.442518e-05       1
289 1.886682e-03       1
290 2.563249e-03       1
291 1.575536e-03       1
292 2.891413e-04       1
293 8.292639e-04       1
294 9.214707e-04       1
295 2.138481e-06       1
296 2.273228e-05       1
297 2.982398e-04       1
298 5.826727e-05       1
299 3.712338e-04       1
300 1.630319e-05       1
301 1.523069e-03       1
302 1.726526e-04       1
303 2.325521e-04       1
304 3.953276e-03       1
305 1.133873e-05       1
306 1.523437e-04       1
307 1.515774e-04       1
308 3.385179e-04       1
309 6.523683e-04       1
310 2.496132e-04       1
311 1.677993e-03       1
312 3.656320e-04       1
313 8.054534e-04       1
314 4.630638e-05       1
315 4.928070e-04       1
316 2.060470e-04       1
317 1.100829e-04       1
318 4.045946e-04       1
319 7.476458e-06       1
320 1.534049e-03       1
321 2.579448e-05       1
322 2.310974e-03       1
323 1.061312e-03       1
324 5.631448e-05       1
325 2.510193e-03       1
326 1.949763e-03       1
327 2.773143e-04       1
328 1.442700e-03       1
329 4.711031e-04       1
330 1.504837e-04       1
331 1.522188e-03       1
332 1.244534e-04       1
333 8.873367e-04       1
334 1.355468e-04       1
335 5.512744e-04       1
336 8.791037e-05       1
337 3.326403e-09       1
338 2.083325e-04       1
339 1.695040e-04       1
340 2.940204e-04       1
341 2.158637e-06       1
342 3.774797e-05       1
343 8.741587e-05       1
344 2.822196e-06       1
345 2.150586e-04       1
346 1.346102e-04       1
347 1.967359e-05       1
348 1.595905e-04       1
349 1.239117e-03       1
350 1.203493e-03       1
351 7.669568e-05       1
352 3.262160e-04       1
353 2.457123e-04       1
354 2.075999e-06       1
355 4.976804e-04       1
356 8.352355e-04       1
357 9.810393e-05       1
358 9.507867e-05       1
359 4.685016e-04       1
360 2.329189e-04       1
361 1.361648e-03       1
362 3.010073e-03       1
363 6.744963e-04       1
364 2.921316e-04       1
365 1.697789e-04       1
366 2.341879e-03       1
367 2.300804e-05       1
368 1.727763e-04       1
369 1.910335e-05       1
370 9.781454e-04       1
371 5.397849e-04       1
372 9.176267e-04       1
373 3.042136e-04       1
374 1.397528e-03       1
375 4.270838e-04       1
376 1.579064e-04       1
377 7.530136e-05       1
378 6.374607e-08       1
379 5.529520e-06       1
380 1.126041e-04       1
381 3.203784e-04       1
382 3.518855e-06       1
383 1.130837e-03       1
384 9.277138e-05       1
385 1.223843e-04       1
386 1.901962e-04       1
387 7.900489e-06       1
388 7.901959e-04       1
389 4.129781e-04       1
390 1.279274e-04       1
391 4.939877e-04       1
392 3.783893e-05       1
393 9.441641e-06       1
394 1.195253e-06       1
395 2.511719e-04       1
396 9.711783e-04       1
397 2.649641e-04       1
398 8.127282e-06       1
399 8.035308e-04       1
400 2.118245e-05       1
401 1.168570e-03       1
402 7.947281e-04       1
403 1.355001e-03       1
404 1.900759e-04       1
405 1.035423e-06       1
406 2.496319e-04       1
407 4.229302e-04       1
408 1.146257e-06       1
409 4.776714e-05       1
410 4.130580e-03       1
411 2.098282e-04       1
412 7.452661e-04       1
413 3.687590e-06       1
414 1.628591e-04       1
415 3.817666e-05       1
416 6.279615e-05       1
417 3.800297e-04       1
418 1.368479e-04       1
419 1.881877e-04       1
420 7.050016e-04       1
421 1.972186e-04       1
422 1.540897e-03       1
423 9.953277e-03 0.24192
424 6.475331e-05       1
425 9.807304e-08       1
426 7.035856e-03       1
427 1.296468e-04       1
428 1.624611e-03       1
429 6.536648e-04       1
430 9.316612e-04       1
431 7.543277e-05       1
432 9.586170e-04       1
433 5.844226e-05       1
434 9.423275e-05       1
435 2.676433e-04       1
436 3.218877e-05       1
437 7.174504e-04       1
438 2.557706e-05       1
439 3.257526e-05       1
440 1.286350e-03       1
441 1.315982e-04       1
442 5.815305e-05       1
443 1.042660e-03       1
444 3.037819e-05       1
445 3.496189e-04       1
446 6.365659e-05       1
447 1.143370e-04       1
448 7.543898e-05       1
449 3.274871e-04       1
450 1.037524e-03       1
451 2.011527e-04       1
452 5.319120e-05       1
453 1.513977e-03       1
454 1.550164e-03       1
455 4.059038e-04       1
456 6.722073e-05       1
457 6.032344e-04       1
458 2.337794e-04       1
459 4.514515e-07       1
460 7.688893e-04       1
461 3.615825e-03       1
462 1.665692e-04       1
463 9.390774e-04       1
464 1.124007e-03       1
465 2.118438e-03       1
466 3.964296e-05       1
467 9.936256e-05       1
468 3.823040e-04       1
469 3.423653e-06       1
470 7.992492e-04       1
471 1.562108e-03       1
472 2.022953e-04       1
473 8.335062e-06       1
474 2.718153e-04       1
475 5.918429e-04       1
476 2.118259e-05       1
477 2.428136e-03       1
478 2.099928e-04       1
479 4.478199e-04       1
480 1.441209e-03       1
481 2.527157e-06       1
482 1.394810e-04       1
483 2.391699e-05       1
484 2.467555e-04       1
485 2.975480e-04       1
486 2.098367e-04       1
487 1.314713e-07       1
488 3.817816e-04       1
489 3.011966e-06       1
490 6.075620e-05       1
491 2.315679e-03       1
492 3.601631e-05       1
493 1.180267e-03       1
494 3.773132e-04       1
495 7.435075e-05       1
496 3.990303e-04       1
497 6.922456e-04       1
498 7.980617e-04       1
499 3.967562e-03       1
500 2.051472e-05       1
501 8.429025e-05       1
502 2.478426e-04       1
503 1.226926e-04       1
504 7.683083e-04       1

$`MR-PRESSO results`$`Distortion Test`
$`MR-PRESSO results`$`Distortion Test`$`Outliers Indices`
[1] "No significant outliers"

$`MR-PRESSO results`$`Distortion Test`$`Distortion Coefficient`
[1] NA

$`MR-PRESSO results`$`Distortion Test`$Pvalue
[1] NA



